18 1690409847 0,600000 -1,000000 -101,000000 0,000000 0,000000
18 1690409848 0,600000 -1,000000 -101,000000 0,000000 0,000000
18 1690409849 0,600000 -1,000000 -101,000000 0,000000 0,000000
18 1690409850 0,600000 -1,000000 -101,000000 0,000000 0,000000
18 1690409851 0,600000 -1,000000 -101,000000 0,000000 0,000000
18 1690409852 1,000000 -1,000000 -101,000000 0,000000 0,000000
18 1690409853 1,000000 -1,000000 -101,000000 0,000000 0,000000
18 1690409854 1,000000 -1,000000 -101,000000 0,000000 0,000000
18 1690409855 1,000000 -1,000000 -101,000000 0,000000 0,000000
18 1690409856 1,000000 -1,000000 -101,000000 0,000000 0,000000
18 1690409857 1,200000 -1,000000 -101,000000 0,000000 0,000000
18 1690409858 1,200000 -1,000000 -101,000000 0,000000 0,000000
18 1690409859 1,200000 -1,000000 -101,000000 0,000000 0,000000
42 1690409857 0,800000 -1,000000 -101,000000 0,000000 0,000000
42 1690409858 0,800000 -1,000000 -101,000000 0,000000 0,000000
42 1690409859 0,800000 -1,000000 -101,000000 0,000000 0,000000
18 1690409860 1,200000 -1,000000 -101,000000 0,000000 0,000000
18 1690409861 1,200000 -1,000000 -101,000000 0,000000 0,000000
18 1690409862 1,600000 -1,000000 -101,000000 0,000000 0,000000
18 1690409863 1,600000 -1,000000 -101,000000 0,000000 0,000000
18 1690409864 1,600000 -1,000000 -101,000000 0,000000 0,000000
42 1690409860 0,800000 -1,000000 -101,000000 0,000000 0,000000
42 1690409861 0,800000 -1,000000 -101,000000 0,000000 0,000000
42 1690409862 0,800000 -1,000000 -101,000000 0,000000 0,000000
42 1690409863 0,800000 -1,000000 -101,000000 0,000000 0,000000
42 1690409864 0,800000 -1,000000 -101,000000 0,000000 0,000000
18 1690409865 1,600000 -1,000000 -101,000000 0,000000 0,000000
18 1690409866 1,600000 -1,000000 -101,000000 0,000000 0,000000
18 1690409867 1,600000 -1,000000 -101,000000 0,000000 0,000000
18 1690409868 1,600000 -1,000000 -101,000000 0,000000 0,000000
18 1690409869 1,600000 -1,000000 -101,000000 0,000000 0,000000
42 1690409865 0,800000 -1,000000 -101,000000 0,000000 0,000000
42 1690409866 0,800000 -1,000000 -101,000000 0,000000 0,000000
42 1690409867 1,200000 -1,000000 -101,000000 0,000000 0,000000
42 1690409868 1,200000 -1,000000 -101,000000 0,000000 0,000000
42 1690409869 1,200000 -1,000000 -101,000000 0,000000 0,000000
18 1690409870 1,600000 -1,000000 -101,000000 0,000000 0,000000
18 1690409871 1,600000 -1,000000 -101,000000 0,000000 0,000000
18 1690409872 2,800000 -1,000000 -101,000000 0,000000 0,000000
18 1690409873 2,800000 -1,000000 -101,000000 0,000000 0,000000
18 1690409874 2,800000 -1,000000 -101,000000 0,000000 0,000000
42 1690409870 1,200000 -1,000000 -101,000000 0,000000 0,000000
42 1690409871 1,200000 -1,000000 -101,000000 0,000000 0,000000
42 1690409872 1,600000 -1,000000 -101,000000 0,000000 0,000000
42 1690409873 1,600000 -1,000000 -101,000000 0,000000 0,000000
42 1690409874 1,600000 -1,000000 -101,000000 0,000000 0,000000
18 1690409875 2,800000 -1,000000 -101,000000 0,000000 0,000000
18 1690409876 2,800000 -1,000000 -101,000000 0,000000 0,000000
18 1690409877 2,000000 -1,000000 -101,000000 0,000000 0,000000
18 1690409878 2,000000 -1,000000 -101,000000 0,000000 0,000000
18 1690409879 2,000000 -1,000000 -101,000000 0,000000 0,000000
42 1690409875 1,600000 -1,000000 -101,000000 0,000000 0,000000
42 1690409876 1,600000 -1,000000 -101,000000 0,000000 0,000000
42 1690409877 2,400000 -1,000000 -101,000000 0,000000 0,000000
42 1690409878 2,400000 -1,000000 -101,000000 0,000000 0,000000
42 1690409879 2,400000 -1,000000 -101,000000 0,000000 0,000000
18 1690409880 2,000000 -1,000000 -101,000000 0,000000 0,000000
18 1690409881 2,000000 -1,000000 -101,000000 0,000000 0,000000
18 1690409882 1,600000 -1,000000 -101,000000 0,000000 0,000000
18 1690409883 1,600000 -1,000000 -101,000000 0,000000 0,000000
18 1690409884 1,600000 -1,000000 -101,000000 0,000000 0,000000
42 1690409880 2,400000 -1,000000 -101,000000 0,000000 0,000000
42 1690409881 2,400000 -1,000000 -101,000000 0,000000 0,000000
42 1690409882 1,600000 -1,000000 -101,000000 0,000000 0,000000
42 1690409883 1,600000 -1,000000 -101,000000 0,000000 0,000000
42 1690409884 1,600000 -1,000000 -101,000000 0,000000 0,000000
18 1690409885 1,600000 -1,000000 -101,000000 0,000000 0,000000
18 1690409886 1,600000 -1,000000 -101,000000 0,000000 0,000000
18 1690409887 2,800000 -1,000000 -101,000000 0,000000 0,000000
18 1690409888 2,800000 -1,000000 -101,000000 0,000000 0,000000
18 1690409889 2,800000 -1,000000 -101,000000 0,000000 0,000000
42 1690409885 1,600000 -1,000000 -101,000000 0,000000 0,000000
42 1690409886 1,600000 -1,000000 -101,000000 0,000000 0,000000
42 1690409887 2,800000 -1,000000 -101,000000 0,000000 0,000000
42 1690409888 2,800000 -1,000000 -101,000000 0,000000 0,000000
42 1690409889 2,800000 -1,000000 -101,000000 0,000000 0,000000
18 1690409890 2,800000 -1,000000 -101,000000 0,000000 0,000000
18 1690409891 2,800000 -1,000000 -101,000000 0,000000 0,000000
18 1690409892 2,400000 -1,000000 -101,000000 0,000000 0,000000
18 1690409893 2,400000 -1,000000 -101,000000 0,000000 0,000000
18 1690409894 2,400000 -1,000000 -101,000000 0,000000 0,000000
42 1690409890 2,800000 -1,000000 -101,000000 0,000000 0,000000
42 1690409891 2,800000 -1,000000 -101,000000 0,000000 0,000000
42 1690409892 2,400000 -1,000000 -101,000000 0,000000 0,000000
42 1690409893 2,400000 -1,000000 -101,000000 0,000000 0,000000
42 1690409894 2,400000 -1,000000 -101,000000 0,000000 0,000000
18 1690409895 2,400000 -1,000000 -101,000000 0,000000 0,000000
18 1690409896 2,400000 -1,000000 -101,000000 0,000000 0,000000
18 1690409897 1,600000 -1,000000 -101,000000 0,000000 0,000000
18 1690409898 1,600000 -1,000000 -101,000000 0,000000 0,000000
18 1690409899 1,600000 -1,000000 -101,000000 0,000000 0,000000
42 1690409895 2,400000 -1,000000 -101,000000 0,000000 0,000000
42 1690409896 2,400000 -1,000000 -101,000000 0,000000 0,000000
42 1690409897 1,600000 -1,000000 -101,000000 0,000000 0,000000
42 1690409898 1,600000 -1,000000 -101,000000 0,000000 0,000000
42 1690409899 1,600000 -1,000000 -101,000000 0,000000 0,000000
18 1690409900 1,600000 -1,000000 -101,000000 0,000000 0,000000
18 1690409901 1,600000 -1,000000 -101,000000 0,000000 0,000000
18 1690409902 2,400000 -1,000000 -101,000000 0,000000 0,000000
18 1690409903 2,400000 -1,000000 -101,000000 0,000000 0,000000
18 1690409904 2,400000 -1,000000 -101,000000 0,000000 0,000000
42 1690409900 1,600000 -1,000000 -101,000000 0,000000 0,000000
42 1690409901 1,600000 -1,000000 -101,000000 0,000000 0,000000
42 1690409902 2,400000 -1,000000 -101,000000 0,000000 0,000000
42 1690409903 2,400000 -1,000000 -101,000000 0,000000 0,000000
42 1690409904 2,400000 -1,000000 -101,000000 0,000000 0,000000
18 1690409905 2,400000 -1,000000 -101,000000 0,000000 0,000000
18 1690409906 2,400000 -1,000000 -101,000000 0,000000 0,000000
18 1690409907 1,600000 -1,000000 -101,000000 0,000000 0,000000
18 1690409908 1,600000 -1,000000 -101,000000 0,000000 0,000000
18 1690409909 1,600000 -1,000000 -101,000000 0,000000 0,000000
42 1690409905 2,400000 -1,000000 -101,000000 0,000000 0,000000
42 1690409906 2,400000 -1,000000 -101,000000 0,000000 0,000000
42 1690409907 1,600000 -1,000000 -101,000000 0,000000 0,000000
42 1690409908 1,600000 -1,000000 -101,000000 0,000000 0,000000
42 1690409909 1,600000 -1,000000 -101,000000 0,000000 0,000000
18 1690409910 1,600000 -1,000000 -101,000000 0,000000 0,000000
18 1690409911 1,600000 -1,000000 -101,000000 0,000000 0,000000
18 1690409912 2,200000 -1,000000 -101,000000 0,000000 0,000000
18 1690409913 2,200000 -1,000000 -101,000000 0,000000 0,000000
18 1690409914 2,200000 -1,000000 -101,000000 0,000000 0,000000
42 1690409910 1,600000 -1,000000 -101,000000 0,000000 0,000000
42 1690409911 1,600000 -1,000000 -101,000000 0,000000 0,000000
42 1690409912 2,600000 -1,000000 -101,000000 0,000000 0,000000
42 1690409913 2,600000 -1,000000 -101,000000 0,000000 0,000000
42 1690409914 2,600000 -1,000000 -101,000000 0,000000 0,000000
18 1690409915 2,200000 -1,000000 -101,000000 0,000000 0,000000
18 1690409916 2,200000 -1,000000 -101,000000 0,000000 0,000000
18 1690409917 2,400000 -1,000000 -101,000000 0,000000 0,000000
18 1690409918 2,400000 -1,000000 -101,000000 0,000000 0,000000
18 1690409919 2,400000 -1,000000 -101,000000 0,000000 0,000000
42 1690409915 2,600000 -1,000000 -101,000000 0,000000 0,000000
42 1690409916 2,600000 -1,000000 -101,000000 0,000000 0,000000
42 1690409917 2,000000 -1,000000 -101,000000 0,000000 0,000000
42 1690409918 2,000000 -1,000000 -101,000000 0,000000 0,000000
42 1690409919 2,000000 -1,000000 -101,000000 0,000000 0,000000
18 1690409920 2,400000 -1,000000 -101,000000 0,000000 0,000000
18 1690409921 2,400000 -1,000000 -101,000000 0,000000 0,000000
18 1690409922 1,600000 -1,000000 -101,000000 0,000000 0,000000
18 1690409923 1,600000 -1,000000 -101,000000 0,000000 0,000000
18 1690409924 1,600000 -1,000000 -101,000000 0,000000 0,000000
42 1690409920 2,000000 -1,000000 -101,000000 0,000000 0,000000
42 1690409921 2,000000 -1,000000 -101,000000 0,000000 0,000000
42 1690409922 1,600000 -1,000000 -101,000000 0,000000 0,000000
42 1690409923 1,600000 -1,000000 -101,000000 0,000000 0,000000
42 1690409924 1,600000 -1,000000 -101,000000 0,000000 0,000000
18 1690409925 1,600000 -1,000000 -101,000000 0,000000 0,000000
18 1690409926 1,600000 -1,000000 -101,000000 0,000000 0,000000
18 1690409927 2,000000 -1,000000 -101,000000 0,000000 0,000000
18 1690409928 2,000000 -1,000000 -101,000000 0,000000 0,000000
18 1690409929 2,000000 -1,000000 -101,000000 0,000000 0,000000
42 1690409925 1,600000 -1,000000 -101,000000 0,000000 0,000000
42 1690409926 1,600000 -1,000000 -101,000000 0,000000 0,000000
42 1690409927 2,000000 -1,000000 -101,000000 0,000000 0,000000
42 1690409928 2,000000 -1,000000 -101,000000 0,000000 0,000000
42 1690409929 2,000000 -1,000000 -101,000000 0,000000 0,000000
18 1690409930 2,000000 -1,000000 -101,000000 0,000000 0,000000
18 1690409931 2,000000 -1,000000 -101,000000 0,000000 0,000000
18 1690409932 2,000000 -1,000000 -101,000000 0,000000 0,000000
18 1690409933 2,000000 -1,000000 -101,000000 0,000000 0,000000
18 1690409934 2,000000 -1,000000 -101,000000 0,000000 0,000000
42 1690409930 2,000000 -1,000000 -101,000000 0,000000 0,000000
42 1690409931 2,000000 -1,000000 -101,000000 0,000000 0,000000
42 1690409932 2,000000 -1,000000 -101,000000 0,000000 0,000000
42 1690409933 2,000000 -1,000000 -101,000000 0,000000 0,000000
42 1690409934 2,000000 -1,000000 -101,000000 0,000000 0,000000
18 1690409935 2,000000 -1,000000 -101,000000 0,000000 0,000000
18 1690409936 2,000000 -1,000000 -101,000000 0,000000 0,000000
18 1690409937 1,600000 -1,000000 -101,000000 0,000000 0,000000
18 1690409938 1,600000 -1,000000 -101,000000 0,000000 0,000000
18 1690409939 1,600000 -1,000000 -101,000000 0,000000 0,000000
42 1690409935 2,000000 -1,000000 -101,000000 0,000000 0,000000
42 1690409936 2,000000 -1,000000 -101,000000 0,000000 0,000000
42 1690409937 1,600000 -1,000000 -101,000000 0,000000 0,000000
42 1690409938 1,600000 -1,000000 -101,000000 0,000000 0,000000
42 1690409939 1,600000 -1,000000 -101,000000 0,000000 0,000000
18 1690409940 1,600000 -1,000000 -101,000000 0,000000 0,000000
18 1690409941 1,600000 -1,000000 -101,000000 0,000000 0,000000
18 1690409942 2,800000 -1,000000 -101,000000 0,000000 0,000000
18 1690409943 2,800000 -1,000000 -101,000000 0,000000 0,000000
18 1690409944 2,800000 -1,000000 -101,000000 0,000000 0,000000
42 1690409940 1,600000 -1,000000 -101,000000 0,000000 0,000000
42 1690409941 1,600000 -1,000000 -101,000000 0,000000 0,000000
42 1690409942 2,800000 -1,000000 -101,000000 0,000000 0,000000
42 1690409943 2,800000 -1,000000 -101,000000 0,000000 0,000000
42 1690409944 2,800000 -1,000000 -101,000000 0,000000 0,000000
18 1690409945 2,800000 -1,000000 -101,000000 0,000000 0,000000
18 1690409946 2,800000 -1,000000 -101,000000 0,000000 0,000000
18 1690409947 1,600000 -1,000000 -101,000000 0,000000 0,000000
18 1690409948 1,600000 -1,000000 -101,000000 0,000000 0,000000
18 1690409949 1,600000 -1,000000 -101,000000 0,000000 0,000000
42 1690409945 2,800000 -1,000000 -101,000000 0,000000 0,000000
42 1690409946 2,800000 -1,000000 -101,000000 0,000000 0,000000
42 1690409947 1,600000 -1,000000 -101,000000 0,000000 0,000000
42 1690409948 1,600000 -1,000000 -101,000000 0,000000 0,000000
42 1690409949 1,600000 -1,000000 -101,000000 0,000000 0,000000
18 1690409950 1,600000 -1,000000 -101,000000 0,000000 0,000000
18 1690409951 1,600000 -1,000000 -101,000000 0,000000 0,000000
18 1690409952 2,600000 -1,000000 -101,000000 0,000000 0,000000
18 1690409953 2,600000 -1,000000 -101,000000 0,000000 0,000000
18 1690409954 2,600000 -1,000000 -101,000000 0,000000 0,000000
42 1690409950 1,600000 -1,000000 -101,000000 0,000000 0,000000
42 1690409951 1,600000 -1,000000 -101,000000 0,000000 0,000000
42 1690409952 2,800000 -1,000000 -101,000000 0,000000 0,000000
42 1690409953 2,800000 -1,000000 -101,000000 0,000000 0,000000
42 1690409954 2,800000 -1,000000 -101,000000 0,000000 0,000000
18 1690409955 2,600000 -1,000000 -101,000000 0,000000 0,000000
18 1690409956 2,600000 -1,000000 -101,000000 0,000000 0,000000
18 1690409957 1,800000 -1,000000 -101,000000 0,000000 0,000000
18 1690409958 1,800000 -1,000000 -101,000000 0,000000 0,000000
18 1690409959 1,800000 -1,000000 -101,000000 0,000000 0,000000
42 1690409955 2,800000 -1,000000 -101,000000 0,000000 0,000000
42 1690409956 2,800000 -1,000000 -101,000000 0,000000 0,000000
42 1690409957 1,200000 -1,000000 -101,000000 0,000000 0,000000
42 1690409958 1,200000 -1,000000 -101,000000 0,000000 0,000000
42 1690409959 1,200000 -1,000000 -101,000000 0,000000 0,000000
18 1690409960 1,800000 -1,000000 -101,000000 0,000000 0,000000
18 1690409961 1,800000 -1,000000 -101,000000 0,000000 0,000000
18 1690409962 2,200000 -1,000000 -101,000000 0,000000 0,000000
18 1690409963 2,200000 -1,000000 -101,000000 0,000000 0,000000
18 1690409964 2,200000 -1,000000 -101,000000 0,000000 0,000000
42 1690409960 1,200000 -1,000000 -101,000000 0,000000 0,000000
42 1690409961 1,200000 -1,000000 -101,000000 0,000000 0,000000
42 1690409962 2,800000 -1,000000 -101,000000 0,000000 0,000000
42 1690409963 2,800000 -1,000000 -101,000000 0,000000 0,000000
42 1690409964 2,800000 -1,000000 -101,000000 0,000000 0,000000
18 1690409965 2,200000 -1,000000 -101,000000 0,000000 0,000000
18 1690409966 2,200000 -1,000000 -101,000000 0,000000 0,000000
18 1690409967 2,800000 -1,000000 -101,000000 0,000000 0,000000
18 1690409968 2,800000 -1,000000 -101,000000 0,000000 0,000000
18 1690409969 2,800000 -1,000000 -101,000000 0,000000 0,000000
42 1690409965 2,800000 -1,000000 -101,000000 0,000000 0,000000
42 1690409966 2,800000 -1,000000 -101,000000 0,000000 0,000000
42 1690409967 2,400000 -1,000000 -101,000000 0,000000 0,000000
42 1690409968 2,400000 -1,000000 -101,000000 0,000000 0,000000
42 1690409969 2,400000 -1,000000 -101,000000 0,000000 0,000000
18 1690409970 2,800000 -1,000000 -101,000000 0,000000 0,000000
18 1690409971 2,800000 -1,000000 -101,000000 0,000000 0,000000
18 1690409972 1,800000 -1,000000 -101,000000 0,000000 0,000000
18 1690409973 1,800000 -1,000000 -101,000000 0,000000 0,000000
18 1690409974 1,800000 -1,000000 -101,000000 0,000000 0,000000
42 1690409970 2,400000 -1,000000 -101,000000 0,000000 0,000000
42 1690409971 2,400000 -1,000000 -101,000000 0,000000 0,000000
42 1690409972 1,600000 -1,000000 -101,000000 0,000000 0,000000
42 1690409973 1,600000 -1,000000 -101,000000 0,000000 0,000000
42 1690409974 1,600000 -1,000000 -101,000000 0,000000 0,000000
18 1690409975 1,800000 -1,000000 -101,000000 0,000000 0,000000
18 1690409976 1,800000 -1,000000 -101,000000 0,000000 0,000000
18 1690409977 2,400000 -1,000000 -101,000000 0,000000 0,000000
18 1690409978 2,400000 -1,000000 -101,000000 0,000000 0,000000
18 1690409979 2,400000 -1,000000 -101,000000 0,000000 0,000000
42 1690409975 1,600000 -1,000000 -101,000000 0,000000 0,000000
42 1690409976 1,600000 -1,000000 -101,000000 0,000000 0,000000
42 1690409977 2,400000 -1,000000 -101,000000 0,000000 0,000000
42 1690409978 2,400000 -1,000000 -101,000000 0,000000 0,000000
42 1690409979 2,400000 -1,000000 -101,000000 0,000000 0,000000
18 1690409980 2,400000 -1,000000 -101,000000 0,000000 0,000000
18 1690409981 2,400000 -1,000000 -101,000000 0,000000 0,000000
18 1690409982 2,000000 -1,000000 -101,000000 0,000000 0,000000
18 1690409983 2,000000 -1,000000 -101,000000 0,000000 0,000000
18 1690409984 2,000000 -1,000000 -101,000000 0,000000 0,000000
42 1690409980 2,400000 -1,000000 -101,000000 0,000000 0,000000
42 1690409981 2,400000 -1,000000 -101,000000 0,000000 0,000000
42 1690409982 1,600000 -1,000000 -101,000000 0,000000 0,000000
42 1690409983 1,600000 -1,000000 -101,000000 0,000000 0,000000
42 1690409984 1,600000 -1,000000 -101,000000 0,000000 0,000000
18 1690409985 2,000000 -1,000000 -101,000000 0,000000 0,000000
18 1690409986 2,000000 -1,000000 -101,000000 0,000000 0,000000
18 1690409987 1,600000 -1,000000 -101,000000 0,000000 0,000000
18 1690409988 1,600000 -1,000000 -101,000000 0,000000 0,000000
18 1690409989 1,600000 -1,000000 -101,000000 0,000000 0,000000
42 1690409985 1,600000 -1,000000 -101,000000 0,000000 0,000000
42 1690409986 1,600000 -1,000000 -101,000000 0,000000 0,000000
42 1690409987 2,400000 -1,000000 -101,000000 0,000000 0,000000
42 1690409988 2,400000 -1,000000 -101,000000 0,000000 0,000000
42 1690409989 2,400000 -1,000000 -101,000000 0,000000 0,000000
18 1690409990 1,600000 -1,000000 -101,000000 0,000000 0,000000
18 1690409991 1,600000 -1,000000 -101,000000 0,000000 0,000000
18 1690409992 2,000000 -1,000000 -101,000000 0,000000 0,000000
18 1690409993 2,000000 -1,000000 -101,000000 0,000000 0,000000
18 1690409994 2,000000 -1,000000 -101,000000 0,000000 0,000000
42 1690409990 2,400000 -1,000000 -101,000000 0,000000 0,000000
42 1690409991 2,400000 -1,000000 -101,000000 0,000000 0,000000
42 1690409992 2,000000 -1,000000 -101,000000 0,000000 0,000000
42 1690409993 2,000000 -1,000000 -101,000000 0,000000 0,000000
42 1690409994 2,000000 -1,000000 -101,000000 0,000000 0,000000
18 1690409995 2,000000 -1,000000 -101,000000 0,000000 0,000000
18 1690409996 2,000000 -1,000000 -101,000000 0,000000 0,000000
18 1690409997 2,000000 -1,000000 -101,000000 0,000000 0,000000
18 1690409998 2,000000 -1,000000 -101,000000 0,000000 0,000000
18 1690409999 2,000000 -1,000000 -101,000000 0,000000 0,000000
42 1690409995 2,000000 -1,000000 -101,000000 0,000000 0,000000
42 1690409996 2,000000 -1,000000 -101,000000 0,000000 0,000000
42 1690409997 2,000000 -1,000000 -101,000000 0,000000 0,000000
42 1690409998 2,000000 -1,000000 -101,000000 0,000000 0,000000
42 1690409999 2,000000 -1,000000 -101,000000 0,000000 0,000000
18 1690410000 2,000000 -1,000000 -101,000000 0,000000 0,000000
18 1690410001 2,000000 -1,000000 -101,000000 0,000000 0,000000
18 1690410002 2,000000 -1,000000 -101,000000 0,000000 0,000000
18 1690410003 2,000000 -1,000000 -101,000000 0,000000 0,000000
18 1690410004 2,000000 -1,000000 -101,000000 0,000000 0,000000
42 1690410000 2,000000 -1,000000 -101,000000 0,000000 0,000000
42 1690410001 2,000000 -1,000000 -101,000000 0,000000 0,000000
42 1690410002 2,000000 -1,000000 -101,000000 0,000000 0,000000
42 1690410003 2,000000 -1,000000 -101,000000 0,000000 0,000000
42 1690410004 2,000000 -1,000000 -101,000000 0,000000 0,000000
18 1690410005 2,000000 -1,000000 -101,000000 0,000000 0,000000
18 1690410006 2,000000 -1,000000 -101,000000 0,000000 0,000000
18 1690410007 2,000000 -1,000000 -101,000000 0,000000 0,000000
18 1690410008 2,000000 -1,000000 -101,000000 0,000000 0,000000
18 1690410009 2,000000 -1,000000 -101,000000 0,000000 0,000000
42 1690410005 2,000000 -1,000000 -101,000000 0,000000 0,000000
42 1690410006 2,000000 -1,000000 -101,000000 0,000000 0,000000
42 1690410007 2,000000 -1,000000 -101,000000 0,000000 0,000000
42 1690410008 2,000000 -1,000000 -101,000000 0,000000 0,000000
42 1690410009 2,000000 -1,000000 -101,000000 0,000000 0,000000
18 1690410010 2,000000 -1,000000 -101,000000 0,000000 0,000000
18 1690410011 2,000000 -1,000000 -101,000000 0,000000 0,000000
18 1690410012 2,400000 -1,000000 -101,000000 0,000000 0,000000
18 1690410013 2,400000 -1,000000 -101,000000 0,000000 0,000000
18 1690410014 2,400000 -1,000000 -101,000000 0,000000 0,000000
42 1690410010 2,000000 -1,000000 -101,000000 0,000000 0,000000
42 1690410011 2,000000 -1,000000 -101,000000 0,000000 0,000000
42 1690410012 2,400000 -1,000000 -101,000000 0,000000 0,000000
42 1690410013 2,400000 -1,000000 -101,000000 0,000000 0,000000
42 1690410014 2,400000 -1,000000 -101,000000 0,000000 0,000000
18 1690410015 2,400000 -1,000000 -101,000000 0,000000 0,000000
18 1690410016 2,400000 -1,000000 -101,000000 0,000000 0,000000
18 1690410017 2,000000 -1,000000 -101,000000 0,000000 0,000000
18 1690410018 2,000000 -1,000000 -101,000000 0,000000 0,000000
18 1690410019 2,000000 -1,000000 -101,000000 0,000000 0,000000
42 1690410015 2,400000 -1,000000 -101,000000 0,000000 0,000000
42 1690410016 2,400000 -1,000000 -101,000000 0,000000 0,000000
42 1690410017 2,000000 -1,000000 -101,000000 0,000000 0,000000
42 1690410018 2,000000 -1,000000 -101,000000 0,000000 0,000000
42 1690410019 2,000000 -1,000000 -101,000000 0,000000 0,000000
18 1690410020 2,000000 -1,000000 -101,000000 0,000000 0,000000
18 1690410021 2,000000 -1,000000 -101,000000 0,000000 0,000000
18 1690410022 2,400000 -1,000000 -101,000000 0,000000 0,000000
18 1690410023 2,400000 -1,000000 -101,000000 0,000000 0,000000
18 1690410024 2,400000 -1,000000 -101,000000 0,000000 0,000000
42 1690410020 2,000000 -1,000000 -101,000000 0,000000 0,000000
42 1690410021 2,000000 -1,000000 -101,000000 0,000000 0,000000
42 1690410022 2,800000 -1,000000 -101,000000 0,000000 0,000000
42 1690410023 2,800000 -1,000000 -101,000000 0,000000 0,000000
42 1690410024 2,800000 -1,000000 -101,000000 0,000000 0,000000
18 1690410025 2,400000 -1,000000 -101,000000 0,000000 0,000000
18 1690410026 2,400000 -1,000000 -101,000000 0,000000 0,000000
18 1690410027 2,000000 -1,000000 -101,000000 0,000000 0,000000
18 1690410028 2,000000 -1,000000 -101,000000 0,000000 0,000000
18 1690410029 2,000000 -1,000000 -101,000000 0,000000 0,000000
42 1690410025 2,800000 -1,000000 -101,000000 0,000000 0,000000
42 1690410026 2,800000 -1,000000 -101,000000 0,000000 0,000000
42 1690410027 2,000000 -1,000000 -101,000000 0,000000 0,000000
42 1690410028 2,000000 -1,000000 -101,000000 0,000000 0,000000
42 1690410029 2,000000 -1,000000 -101,000000 0,000000 0,000000
18 1690410030 2,000000 -1,000000 -101,000000 0,000000 0,000000
18 1690410031 2,000000 -1,000000 -101,000000 0,000000 0,000000
18 1690410032 2,400000 -1,000000 -101,000000 0,000000 0,000000
18 1690410033 2,400000 -1,000000 -101,000000 0,000000 0,000000
18 1690410034 2,400000 -1,000000 -101,000000 0,000000 0,000000
42 1690410030 2,000000 -1,000000 -101,000000 0,000000 0,000000
42 1690410031 2,000000 -1,000000 -101,000000 0,000000 0,000000
42 1690410032 2,000000 -1,000000 -101,000000 0,000000 0,000000
42 1690410033 2,000000 -1,000000 -101,000000 0,000000 0,000000
42 1690410034 2,000000 -1,000000 -101,000000 0,000000 0,000000
18 1690410035 2,400000 -1,000000 -101,000000 0,000000 0,000000
18 1690410036 2,400000 -1,000000 -101,000000 0,000000 0,000000
18 1690410037 2,000000 -1,000000 -101,000000 0,000000 0,000000
18 1690410038 2,000000 -1,000000 -101,000000 0,000000 0,000000
18 1690410039 2,000000 -1,000000 -101,000000 0,000000 0,000000
42 1690410035 2,000000 -1,000000 -101,000000 0,000000 0,000000
42 1690410036 2,000000 -1,000000 -101,000000 0,000000 0,000000
42 1690410037 2,400000 -1,000000 -101,000000 0,000000 0,000000
42 1690410038 2,400000 -1,000000 -101,000000 0,000000 0,000000
42 1690410039 2,400000 -1,000000 -101,000000 0,000000 0,000000
18 1690410040 2,000000 -1,000000 -101,000000 0,000000 0,000000
18 1690410041 2,000000 -1,000000 -101,000000 0,000000 0,000000
18 1690410042 2,800000 -1,000000 -101,000000 0,000000 0,000000
18 1690410043 2,800000 -1,000000 -101,000000 0,000000 0,000000
18 1690410044 2,800000 -1,000000 -101,000000 0,000000 0,000000
42 1690410040 2,400000 -1,000000 -101,000000 0,000000 0,000000
42 1690410041 2,400000 -1,000000 -101,000000 0,000000 0,000000
42 1690410042 1,600000 -1,000000 -101,000000 0,000000 0,000000
42 1690410043 1,600000 -1,000000 -101,000000 0,000000 0,000000
42 1690410044 1,600000 -1,000000 -101,000000 0,000000 0,000000
18 1690410045 2,800000 -1,000000 -101,000000 0,000000 0,000000
18 1690410046 2,800000 -1,000000 -101,000000 0,000000 0,000000
18 1690410047 1,600000 -1,000000 -101,000000 0,000000 0,000000
18 1690410048 1,600000 -1,000000 -101,000000 0,000000 0,000000
18 1690410049 1,600000 -1,000000 -101,000000 0,000000 0,000000
42 1690410045 1,600000 -1,000000 -101,000000 0,000000 0,000000
42 1690410046 1,600000 -1,000000 -101,000000 0,000000 0,000000
42 1690410047 2,000000 -1,000000 -101,000000 0,000000 0,000000
42 1690410048 2,000000 -1,000000 -101,000000 0,000000 0,000000
42 1690410049 2,000000 -1,000000 -101,000000 0,000000 0,000000
18 1690410050 1,600000 -1,000000 -101,000000 0,000000 0,000000
18 1690410051 1,600000 -1,000000 -101,000000 0,000000 0,000000
18 1690410052 1,600000 -1,000000 -101,000000 0,000000 0,000000
18 1690410053 1,600000 -1,000000 -101,000000 0,000000 0,000000
18 1690410054 1,600000 -1,000000 -101,000000 0,000000 0,000000
42 1690410050 2,000000 -1,000000 -101,000000 0,000000 0,000000
42 1690410051 2,000000 -1,000000 -101,000000 0,000000 0,000000
42 1690410052 2,000000 -1,000000 -101,000000 0,000000 0,000000
42 1690410053 2,000000 -1,000000 -101,000000 0,000000 0,000000
42 1690410054 2,000000 -1,000000 -101,000000 0,000000 0,000000
18 1690410055 1,600000 -1,000000 -101,000000 0,000000 0,000000
18 1690410056 1,600000 -1,000000 -101,000000 0,000000 0,000000
18 1690410057 2,000000 -1,000000 -101,000000 0,000000 0,000000
18 1690410058 2,000000 -1,000000 -101,000000 0,000000 0,000000
18 1690410059 2,000000 -1,000000 -101,000000 0,000000 0,000000
42 1690410055 2,000000 -1,000000 -101,000000 0,000000 0,000000
42 1690410056 2,000000 -1,000000 -101,000000 0,000000 0,000000
42 1690410057 2,400000 -1,000000 -101,000000 0,000000 0,000000
42 1690410058 2,400000 -1,000000 -101,000000 0,000000 0,000000
42 1690410059 2,400000 -1,000000 -101,000000 0,000000 0,000000
18 1690410060 2,000000 -1,000000 -101,000000 0,000000 0,000000
18 1690410061 2,000000 -1,000000 -101,000000 0,000000 0,000000
18 1690410062 2,800000 -1,000000 -101,000000 0,000000 0,000000
18 1690410063 2,800000 -1,000000 -101,000000 0,000000 0,000000
18 1690410064 2,800000 -1,000000 -101,000000 0,000000 0,000000
42 1690410060 2,400000 -1,000000 -101,000000 0,000000 0,000000
42 1690410061 2,400000 -1,000000 -101,000000 0,000000 0,000000
42 1690410062 2,400000 -1,000000 -101,000000 0,000000 0,000000
42 1690410063 2,400000 -1,000000 -101,000000 0,000000 0,000000
42 1690410064 2,400000 -1,000000 -101,000000 0,000000 0,000000
18 1690410065 2,800000 -1,000000 -101,000000 0,000000 0,000000
18 1690410066 2,800000 -1,000000 -101,000000 0,000000 0,000000
18 1690410067 1,600000 -1,000000 -101,000000 0,000000 0,000000
18 1690410068 1,600000 -1,000000 -101,000000 0,000000 0,000000
18 1690410069 1,600000 -1,000000 -101,000000 0,000000 0,000000
42 1690410065 2,400000 -1,000000 -101,000000 0,000000 0,000000
42 1690410066 2,400000 -1,000000 -101,000000 0,000000 0,000000
42 1690410067 1,600000 -1,000000 -101,000000 0,000000 0,000000
42 1690410068 1,600000 -1,000000 -101,000000 0,000000 0,000000
42 1690410069 1,600000 -1,000000 -101,000000 0,000000 0,000000
18 1690410070 1,600000 -1,000000 -101,000000 0,000000 0,000000
18 1690410071 1,600000 -1,000000 -101,000000 0,000000 0,000000
18 1690410072 2,400000 -1,000000 -101,000000 0,000000 0,000000
18 1690410073 2,400000 -1,000000 -101,000000 0,000000 0,000000
18 1690410074 2,400000 -1,000000 -101,000000 0,000000 0,000000
42 1690410070 1,600000 -1,000000 -101,000000 0,000000 0,000000
42 1690410071 1,600000 -1,000000 -101,000000 0,000000 0,000000
42 1690410072 2,400000 -1,000000 -101,000000 0,000000 0,000000
42 1690410073 2,400000 -1,000000 -101,000000 0,000000 0,000000
42 1690410074 2,400000 -1,000000 -101,000000 0,000000 0,000000
18 1690410075 2,400000 -1,000000 -101,000000 0,000000 0,000000
18 1690410076 2,400000 -1,000000 -101,000000 0,000000 0,000000
18 1690410077 2,000000 -1,000000 -101,000000 0,000000 0,000000
18 1690410078 2,000000 -1,000000 -101,000000 0,000000 0,000000
18 1690410079 2,000000 -1,000000 -101,000000 0,000000 0,000000
42 1690410075 2,400000 -1,000000 -101,000000 0,000000 0,000000
42 1690410076 2,400000 -1,000000 -101,000000 0,000000 0,000000
42 1690410077 2,000000 -1,000000 -101,000000 0,000000 0,000000
42 1690410078 2,000000 -1,000000 -101,000000 0,000000 0,000000
42 1690410079 2,000000 -1,000000 -101,000000 0,000000 0,000000
18 1690410080 2,000000 -1,000000 -101,000000 0,000000 0,000000
18 1690410081 2,000000 -1,000000 -101,000000 0,000000 0,000000
18 1690410082 2,000000 -1,000000 -101,000000 0,000000 0,000000
18 1690410083 2,000000 -1,000000 -101,000000 0,000000 0,000000
18 1690410084 2,000000 -1,000000 -101,000000 0,000000 0,000000
42 1690410080 2,000000 -1,000000 -101,000000 0,000000 0,000000
42 1690410081 2,000000 -1,000000 -101,000000 0,000000 0,000000
42 1690410082 2,000000 -1,000000 -101,000000 0,000000 0,000000
42 1690410083 2,000000 -1,000000 -101,000000 0,000000 0,000000
42 1690410084 2,000000 -1,000000 -101,000000 0,000000 0,000000
18 1690410085 2,000000 -1,000000 -101,000000 0,000000 0,000000
18 1690410086 2,000000 -1,000000 -101,000000 0,000000 0,000000
18 1690410087 2,000000 -1,000000 -101,000000 0,000000 0,000000
18 1690410088 2,000000 -1,000000 -101,000000 0,000000 0,000000
18 1690410089 2,000000 -1,000000 -101,000000 0,000000 0,000000
42 1690410085 2,000000 -1,000000 -101,000000 0,000000 0,000000
42 1690410086 2,000000 -1,000000 -101,000000 0,000000 0,000000
42 1690410087 2,000000 -1,000000 -101,000000 0,000000 0,000000
42 1690410088 2,000000 -1,000000 -101,000000 0,000000 0,000000
42 1690410089 2,000000 -1,000000 -101,000000 0,000000 0,000000
18 1690410090 2,000000 -1,000000 -101,000000 0,000000 0,000000
18 1690410091 2,000000 -1,000000 -101,000000 0,000000 0,000000
18 1690410092 2,400000 -1,000000 -101,000000 0,000000 0,000000
18 1690410093 2,400000 -1,000000 -101,000000 0,000000 0,000000
18 1690410094 2,400000 -1,000000 -101,000000 0,000000 0,000000
42 1690410090 2,000000 -1,000000 -101,000000 0,000000 0,000000
42 1690410091 2,000000 -1,000000 -101,000000 0,000000 0,000000
42 1690410092 2,400000 -1,000000 -101,000000 0,000000 0,000000
42 1690410093 2,400000 -1,000000 -101,000000 0,000000 0,000000
42 1690410094 2,400000 -1,000000 -101,000000 0,000000 0,000000
18 1690410095 2,400000 -1,000000 -101,000000 0,000000 0,000000
18 1690410096 2,400000 -1,000000 -101,000000 0,000000 0,000000
18 1690410097 2,400000 -1,000000 -101,000000 0,000000 0,000000
18 1690410098 2,400000 -1,000000 -101,000000 0,000000 0,000000
18 1690410099 2,400000 -1,000000 -101,000000 0,000000 0,000000
42 1690410095 2,400000 -1,000000 -101,000000 0,000000 0,000000
42 1690410096 2,400000 -1,000000 -101,000000 0,000000 0,000000
42 1690410097 2,400000 -1,000000 -101,000000 0,000000 0,000000
42 1690410098 2,400000 -1,000000 -101,000000 0,000000 0,000000
42 1690410099 2,400000 -1,000000 -101,000000 0,000000 0,000000
18 1690410100 2,400000 -1,000000 -101,000000 0,000000 0,000000
18 1690410101 2,400000 -1,000000 -101,000000 0,000000 0,000000
18 1690410102 2,000000 -1,000000 -101,000000 0,000000 0,000000
18 1690410103 2,000000 -1,000000 -101,000000 0,000000 0,000000
18 1690410104 2,000000 -1,000000 -101,000000 0,000000 0,000000
42 1690410100 2,400000 -1,000000 -101,000000 0,000000 0,000000
42 1690410101 2,400000 -1,000000 -101,000000 0,000000 0,000000
42 1690410102 2,000000 -1,000000 -101,000000 0,000000 0,000000
42 1690410103 2,000000 -1,000000 -101,000000 0,000000 0,000000
42 1690410104 2,000000 -1,000000 -101,000000 0,000000 0,000000
18 1690410105 2,000000 -1,000000 -101,000000 0,000000 0,000000
18 1690410106 2,000000 -1,000000 -101,000000 0,000000 0,000000
18 1690410107 2,200000 -1,000000 -101,000000 0,000000 0,000000
18 1690410108 2,200000 -1,000000 -101,000000 0,000000 0,000000
18 1690410109 2,200000 -1,000000 -101,000000 0,000000 0,000000
42 1690410105 2,000000 -1,000000 -101,000000 0,000000 0,000000
42 1690410106 2,000000 -1,000000 -101,000000 0,000000 0,000000
42 1690410107 2,400000 -1,000000 -101,000000 0,000000 0,000000
42 1690410108 2,400000 -1,000000 -101,000000 0,000000 0,000000
42 1690410109 2,400000 -1,000000 -101,000000 0,000000 0,000000
18 1690410110 2,200000 -1,000000 -101,000000 0,000000 0,000000
18 1690410111 2,200000 -1,000000 -101,000000 0,000000 0,000000
18 1690410112 1,800000 -1,000000 -101,000000 0,000000 0,000000
18 1690410113 1,800000 -1,000000 -101,000000 0,000000 0,000000
18 1690410114 1,800000 -1,000000 -101,000000 0,000000 0,000000
42 1690410110 2,400000 -1,000000 -101,000000 0,000000 0,000000
42 1690410111 2,400000 -1,000000 -101,000000 0,000000 0,000000
42 1690410112 1,600000 -1,000000 -101,000000 0,000000 0,000000
42 1690410113 1,600000 -1,000000 -101,000000 0,000000 0,000000
42 1690410114 1,600000 -1,000000 -101,000000 0,000000 0,000000
18 1690410115 1,800000 -1,000000 -101,000000 0,000000 0,000000
18 1690410116 1,800000 -1,000000 -101,000000 0,000000 0,000000
18 1690410117 3,200000 -1,000000 -101,000000 0,000000 0,000000
18 1690410118 3,200000 -1,000000 -101,000000 0,000000 0,000000
18 1690410119 3,200000 -1,000000 -101,000000 0,000000 0,000000
42 1690410115 1,600000 -1,000000 -101,000000 0,000000 0,000000
42 1690410116 1,600000 -1,000000 -101,000000 0,000000 0,000000
42 1690410117 2,400000 -1,000000 -101,000000 0,000000 0,000000
42 1690410118 2,400000 -1,000000 -101,000000 0,000000 0,000000
42 1690410119 2,400000 -1,000000 -101,000000 0,000000 0,000000
18 1690410120 3,200000 -1,000000 -101,000000 0,000000 0,000000
18 1690410121 3,200000 -1,000000 -101,000000 0,000000 0,000000
18 1690410122 1,200000 -1,000000 -101,000000 0,000000 0,000000
18 1690410123 1,200000 -1,000000 -101,000000 0,000000 0,000000
18 1690410124 1,200000 -1,000000 -101,000000 0,000000 0,000000
42 1690410120 2,400000 -1,000000 -101,000000 0,000000 0,000000
42 1690410121 2,400000 -1,000000 -101,000000 0,000000 0,000000
42 1690410122 2,400000 -1,000000 -101,000000 0,000000 0,000000
42 1690410123 2,400000 -1,000000 -101,000000 0,000000 0,000000
42 1690410124 2,400000 -1,000000 -101,000000 0,000000 0,000000
42 1690410125 2,400000 -1,000000 -101,000000 0,000000 0,000000
42 1690410126 2,400000 -1,000000 -101,000000 0,000000 0,000000
42 1690410127 1,600000 -1,000000 -101,000000 0,000000 0,000000
42 1690410128 1,600000 -1,000000 -101,000000 0,000000 0,000000
42 1690410191 1,200000 -1,000000 1,200000 1,200000 0,000000
42 1690410190 1,200000 -1,000000 1,200000 1,200000 0,000000
42 1690410189 1,200000 -1,000000 1,200000 1,200000 0,000000
42 1690410188 1,200000 -1,000000 1,200000 1,200000 0,000000
42 1690410187 1,200000 -1,000000 1,200000 1,200000 0,000000
42 1690410186 2,800000 -1,000000 2,800000 2,800000 0,000000
42 1690410185 2,800000 -1,000000 2,800000 2,800000 0,000000
42 1690410184 2,800000 -1,000000 2,800000 2,800000 0,000000
42 1690410183 2,800000 -1,000000 2,800000 2,800000 0,000000
42 1690410182 2,800000 -1,000000 2,800000 2,800000 0,000000
42 1690410181 3,200000 -1,000000 3,200000 3,200000 0,000000
42 1690410180 3,200000 -1,000000 3,200000 3,200000 0,000000
42 1690410179 3,200000 -1,000000 3,200000 3,200000 0,000000
42 1690410178 3,200000 -1,000000 3,200000 3,200000 0,000000
42 1690410177 3,200000 -1,000000 3,200000 3,200000 0,000000
42 1690410176 2,400000 -1,000000 2,400000 2,400000 0,000000
42 1690410175 2,400000 -1,000000 2,400000 2,400000 0,000000
42 1690410174 2,400000 -1,000000 2,400000 2,400000 0,000000
42 1690410173 2,400000 -1,000000 2,400000 2,400000 0,000000
42 1690410172 2,400000 -1,000000 2,400000 2,400000 0,000000
42 1690410171 1,600000 -1,000000 1,600000 1,600000 0,000000
42 1690410170 1,600000 -1,000000 1,600000 1,600000 0,000000
42 1690410169 1,600000 -1,000000 1,600000 1,600000 0,000000
42 1690410168 1,600000 -1,000000 1,600000 1,600000 0,000000
42 1690410167 1,600000 -1,000000 1,600000 1,600000 0,000000
42 1690410166 2,400000 -1,000000 2,400000 2,400000 0,000000
42 1690410165 2,400000 -1,000000 2,400000 2,400000 0,000000
42 1690410164 2,400000 -1,000000 2,400000 2,400000 0,000000
42 1690410163 2,400000 -1,000000 2,400000 2,400000 0,000000
42 1690410162 2,400000 -1,000000 2,400000 2,400000 0,000000
42 1690410161 1,600000 -1,000000 1,600000 1,600000 0,000000
42 1690410160 1,600000 -1,000000 1,600000 1,600000 0,000000
42 1690410159 1,600000 -1,000000 1,600000 1,600000 0,000000
42 1690410158 1,600000 -1,000000 1,600000 1,600000 0,000000
42 1690410157 1,600000 -1,000000 1,600000 1,600000 0,000000
42 1690410156 3,200000 -1,000000 3,200000 3,200000 0,000000
42 1690410155 3,200000 -1,000000 3,200000 3,200000 0,000000
42 1690410154 3,200000 -1,000000 3,200000 3,200000 0,000000
42 1690410153 3,200000 -1,000000 3,200000 3,200000 0,000000
42 1690410152 3,200000 -1,000000 3,200000 3,200000 0,000000
42 1690410151 1,200000 -1,000000 1,200000 1,200000 0,000000
42 1690410150 1,200000 -1,000000 1,200000 1,200000 0,000000
42 1690410149 1,200000 -1,000000 1,200000 1,200000 0,000000
42 1690410148 1,200000 -1,000000 1,200000 1,200000 0,000000
42 1690410147 1,200000 -1,000000 1,200000 1,200000 0,000000
42 1690410146 2,800000 -1,000000 2,800000 2,800000 0,000000
42 1690410145 2,800000 -1,000000 2,800000 2,800000 0,000000
42 1690410144 2,800000 -1,000000 2,800000 2,800000 0,000000
42 1690410143 2,800000 -1,000000 2,800000 2,800000 0,000000
42 1690410142 2,800000 -1,000000 2,800000 2,800000 0,000000
42 1690410141 2,000000 -1,000000 2,000000 2,000000 0,000000
42 1690410140 2,000000 -1,000000 2,000000 2,000000 0,000000
42 1690410139 2,000000 -1,000000 2,000000 2,000000 0,000000
42 1690410138 2,000000 -1,000000 2,000000 2,000000 0,000000
42 1690410137 2,000000 -1,000000 2,000000 2,000000 0,000000
42 1690410136 2,000000 -1,000000 2,000000 2,000000 0,000000
42 1690410135 2,000000 -1,000000 2,000000 2,000000 0,000000
42 1690410134 2,000000 -1,000000 2,000000 2,000000 0,000000
42 1690410133 2,000000 -1,000000 2,000000 2,000000 0,000000
42 1690410132 2,000000 -1,000000 2,000000 2,000000 0,000000
42 1690410131 1,600000 -1,000000 1,600000 1,600000 0,000000
42 1690410130 1,600000 -1,000000 1,600000 1,600000 0,000000
42 1690410129 1,600000 -1,000000 1,600000 1,600000 0,000000
18 1690410186 1,200000 -1,000000 1,200000 1,200000 0,000000
18 1690410185 1,200000 -1,000000 1,200000 1,200000 0,000000
18 1690410184 1,200000 -1,000000 1,200000 1,200000 0,000000
18 1690410183 1,200000 -1,000000 1,200000 1,200000 0,000000
18 1690410182 1,200000 -1,000000 1,200000 1,200000 0,000000
18 1690410181 1,600000 -1,000000 1,600000 1,600000 0,000000
18 1690410180 1,600000 -1,000000 1,600000 1,600000 0,000000
18 1690410179 1,600000 -1,000000 1,600000 1,600000 0,000000
18 1690410178 1,600000 -1,000000 1,600000 1,600000 0,000000
18 1690410177 1,600000 -1,000000 1,600000 1,600000 0,000000
18 1690410176 3,200000 -1,000000 3,200000 3,200000 0,000000
18 1690410175 3,200000 -1,000000 3,200000 3,200000 0,000000
18 1690410174 3,200000 -1,000000 3,200000 3,200000 0,000000
18 1690410173 3,200000 -1,000000 3,200000 3,200000 0,000000
18 1690410172 3,200000 -1,000000 3,200000 3,200000 0,000000
18 1690410171 1,200000 -1,000000 1,200000 1,200000 0,000000
18 1690410170 1,200000 -1,000000 1,200000 1,200000 0,000000
18 1690410169 1,200000 -1,000000 1,200000 1,200000 0,000000
18 1690410168 1,200000 -1,000000 1,200000 1,200000 0,000000
18 1690410167 1,200000 -1,000000 1,200000 1,200000 0,000000
18 1690410166 2,400000 -1,000000 2,400000 2,400000 0,000000
18 1690410165 2,400000 -1,000000 2,400000 2,400000 0,000000
18 1690410164 2,400000 -1,000000 2,400000 2,400000 0,000000
18 1690410163 2,400000 -1,000000 2,400000 2,400000 0,000000
18 1690410162 2,400000 -1,000000 2,400000 2,400000 0,000000
18 1690410161 1,600000 -1,000000 1,600000 1,600000 0,000000
18 1690410160 1,600000 -1,000000 1,600000 1,600000 0,000000
18 1690410159 1,600000 -1,000000 1,600000 1,600000 0,000000
18 1690410158 1,600000 -1,000000 1,600000 1,600000 0,000000
18 1690410157 1,600000 -1,000000 1,600000 1,600000 0,000000
18 1690410156 2,400000 -1,000000 2,400000 2,400000 0,000000
18 1690410155 2,400000 -1,000000 2,400000 2,400000 0,000000
18 1690410154 2,400000 -1,000000 2,400000 2,400000 0,000000
18 1690410153 2,400000 -1,000000 2,400000 2,400000 0,000000
18 1690410152 2,400000 -1,000000 2,400000 2,400000 0,000000
18 1690410151 2,400000 -1,000000 2,400000 2,400000 0,000000
18 1690410150 2,400000 -1,000000 2,400000 2,400000 0,000000
18 1690410149 2,400000 -1,000000 2,400000 2,400000 0,000000
18 1690410148 2,400000 -1,000000 2,400000 2,400000 0,000000
18 1690410147 2,400000 -1,000000 2,400000 2,400000 0,000000
18 1690410146 1,600000 -1,000000 1,600000 1,600000 0,000000
18 1690410145 1,600000 -1,000000 1,600000 1,600000 0,000000
18 1690410144 1,600000 -1,000000 1,600000 1,600000 0,000000
18 1690410143 1,600000 -1,000000 1,600000 1,600000 0,000000
18 1690410142 1,600000 -1,000000 1,600000 1,600000 0,000000
18 1690410141 3,000000 -1,000000 3,000000 3,000000 0,000000
18 1690410140 3,000000 -1,000000 3,000000 3,000000 0,000000
18 1690410139 3,000000 -1,000000 3,000000 3,000000 0,000000
18 1690410138 3,000000 -1,000000 3,000000 3,000000 0,000000
18 1690410137 3,000000 -1,000000 3,000000 3,000000 0,000000
18 1690410136 1,800000 -1,000000 1,800000 1,800000 0,000000
18 1690410135 1,800000 -1,000000 1,800000 1,800000 0,000000
18 1690410134 1,800000 -1,000000 1,800000 1,800000 0,000000
18 1690410133 1,800000 -1,000000 1,800000 1,800000 0,000000
18 1690410132 1,800000 -1,000000 1,800000 1,800000 0,000000
18 1690410131 2,000000 -1,000000 2,000000 2,000000 0,000000
18 1690410130 2,000000 -1,000000 2,000000 2,000000 0,000000
18 1690410129 2,000000 -1,000000 2,000000 2,000000 0,000000
18 1690410128 2,000000 -1,000000 2,000000 2,000000 0,000000
18 1690410127 2,000000 -1,000000 2,000000 2,000000 0,000000
18 1690410126 1,200000 -1,000000 1,200000 1,200000 0,000000
18 1690410125 1,200000 -1,000000 1,200000 1,200000 0,000000
