13 1690409842 2,200824 0,200000 2,200824 2,200824 0,968726
13 1690409843 2,200824 0,200000 2,200824 2,200824 0,968726
13 1690409844 2,200824 0,200000 2,200824 2,200824 0,968726
13 1690409845 2,200824 0,200000 2,200824 2,200824 0,968726
13 1690409846 2,200824 0,200000 2,200824 2,200824 0,968726
13 1690409847 1,372244 0,400000 1,361525 1,382963 0,753268
16 1690409847 0,734944 0,400000 0,668730 0,801158 0,217811
13 1690409848 1,372244 0,400000 1,361525 1,382963 0,753268
16 1690409848 0,734944 0,400000 0,668730 0,801158 0,217811
13 1690409849 1,372244 0,400000 1,361525 1,382963 0,753268
16 1690409849 0,734944 0,400000 0,668730 0,801158 0,217811
13 1690409850 1,372244 0,400000 1,361525 1,382963 0,753268
16 1690409850 0,734944 0,400000 0,668730 0,801158 0,217811
13 1690409851 1,372244 0,400000 1,361525 1,382963 0,753268
16 1690409851 0,734944 0,400000 0,668730 0,801158 0,217811
33 1690409852 0,678296 0,200000 0,678296 0,678296 0,092017
36 1690409852 0,400066 0,400000 0,395984 0,404147 0,064028
13 1690409852 1,833337 0,200000 1,833337 1,833337 0,672225
16 1690409852 0,666305 0,200000 0,666305 0,666305 0,088793
33 1690409853 0,678296 0,200000 0,678296 0,678296 0,092017
36 1690409853 0,400066 0,400000 0,395984 0,404147 0,064028
13 1690409853 1,833337 0,200000 1,833337 1,833337 0,672225
16 1690409853 0,666305 0,200000 0,666305 0,666305 0,088793
33 1690409854 0,678296 0,200000 0,678296 0,678296 0,092017
36 1690409854 0,400066 0,400000 0,395984 0,404147 0,064028
13 1690409854 1,833337 0,200000 1,833337 1,833337 0,672225
16 1690409854 0,666305 0,200000 0,666305 0,666305 0,088793
33 1690409855 0,678296 0,200000 0,678296 0,678296 0,092017
36 1690409855 0,400066 0,400000 0,395984 0,404147 0,064028
13 1690409855 1,833337 0,200000 1,833337 1,833337 0,672225
16 1690409855 0,666305 0,200000 0,666305 0,666305 0,088793
33 1690409856 0,678296 0,200000 0,678296 0,678296 0,092017
36 1690409856 0,400066 0,400000 0,395984 0,404147 0,064028
13 1690409856 1,833337 0,200000 1,833337 1,833337 0,672225
16 1690409856 0,666305 0,200000 0,666305 0,666305 0,088793
33 1690409857 0,683538 0,400000 0,670665 0,696412 0,186956
36 1690409857 0,379674 0,400000 0,367086 0,392262 0,057724
13 1690409857 1,676489 0,400000 1,513245 1,839733 1,134906
16 1690409857 0,800599 0,400000 0,760139 0,841058 0,257038
41 1690409857 0,232222 0,400000 0,230689 0,233756 0,021572
33 1690409858 0,683538 0,400000 0,670665 0,696412 0,186956
36 1690409858 0,379674 0,400000 0,367086 0,392262 0,057724
13 1690409858 1,676489 0,400000 1,513245 1,839733 1,134906
16 1690409858 0,800599 0,400000 0,760139 0,841058 0,257038
41 1690409858 0,232222 0,400000 0,230689 0,233756 0,021572
33 1690409859 0,683538 0,400000 0,670665 0,696412 0,186956
36 1690409859 0,379674 0,400000 0,367086 0,392262 0,057724
13 1690409859 1,676489 0,400000 1,513245 1,839733 1,134906
16 1690409859 0,800599 0,400000 0,760139 0,841058 0,257038
41 1690409859 0,232222 0,400000 0,230689 0,233756 0,021572
33 1690409860 0,683538 0,400000 0,670665 0,696412 0,186956
36 1690409860 0,379674 0,400000 0,367086 0,392262 0,057724
13 1690409860 1,676489 0,400000 1,513245 1,839733 1,134906
16 1690409860 0,800599 0,400000 0,760139 0,841058 0,257038
41 1690409860 0,232222 0,400000 0,230689 0,233756 0,021572
33 1690409861 0,683538 0,400000 0,670665 0,696412 0,186956
36 1690409861 0,379674 0,400000 0,367086 0,392262 0,057724
13 1690409861 1,676489 0,400000 1,513245 1,839733 1,134906
16 1690409861 0,800599 0,400000 0,760139 0,841058 0,257038
41 1690409861 0,232222 0,400000 0,230689 0,233756 0,021572
33 1690409862 0,683356 0,200000 0,683356 0,683356 0,093395
36 1690409862 0,405869 0,200000 0,405869 0,405869 0,032946
13 1690409862 1,688278 0,800000 1,501897 1,858527 2,298793
16 1690409862 0,912147 0,400000 0,664565 1,159730 0,357324
41 1690409862 0,229381 0,200000 0,229381 0,229381 0,010523
33 1690409863 0,683356 0,200000 0,683356 0,683356 0,093395
36 1690409863 0,405869 0,200000 0,405869 0,405869 0,032946
13 1690409863 1,688278 0,800000 1,501897 1,858527 2,298793
16 1690409863 0,912147 0,400000 0,664565 1,159730 0,357324
41 1690409863 0,229381 0,200000 0,229381 0,229381 0,010523
33 1690409864 0,683356 0,200000 0,683356 0,683356 0,093395
36 1690409864 0,405869 0,200000 0,405869 0,405869 0,032946
13 1690409864 1,688278 0,800000 1,501897 1,858527 2,298793
16 1690409864 0,912147 0,400000 0,664565 1,159730 0,357324
41 1690409864 0,229381 0,200000 0,229381 0,229381 0,010523
33 1690409865 0,683356 0,200000 0,683356 0,683356 0,093395
36 1690409865 0,405869 0,200000 0,405869 0,405869 0,032946
13 1690409865 1,688278 0,800000 1,501897 1,858527 2,298793
16 1690409865 0,912147 0,400000 0,664565 1,159730 0,357324
41 1690409865 0,229381 0,200000 0,229381 0,229381 0,010523
33 1690409866 0,683356 0,200000 0,683356 0,683356 0,093395
36 1690409866 0,405869 0,200000 0,405869 0,405869 0,032946
13 1690409866 1,688278 0,800000 1,501897 1,858527 2,298793
16 1690409866 0,912147 0,400000 0,664565 1,159730 0,357324
41 1690409866 0,229381 0,200000 0,229381 0,229381 0,010523
33 1690409867 0,934559 0,400000 0,647215 1,221903 0,382387
36 1690409867 0,370514 0,400000 0,366538 0,374489 0,054918
13 1690409867 1,580786 0,600000 1,429763 1,810285 1,515657
16 1690409867 0,662012 0,600000 0,621615 0,690254 0,263471
41 1690409867 0,266358 0,400000 0,230508 0,302208 0,028893
33 1690409868 0,934559 0,400000 0,647215 1,221903 0,382387
36 1690409868 0,370514 0,400000 0,366538 0,374489 0,054918
13 1690409868 1,580786 0,600000 1,429763 1,810285 1,515657
16 1690409868 0,662012 0,600000 0,621615 0,690254 0,263471
41 1690409868 0,266358 0,400000 0,230508 0,302208 0,028893
41 1690409869 0,266358 0,400000 0,230508 0,302208 0,028893
33 1690409869 0,934559 0,400000 0,647215 1,221903 0,382387
16 1690409869 0,662012 0,600000 0,621615 0,690254 0,263471
36 1690409869 0,370514 0,400000 0,366538 0,374489 0,054918
13 1690409869 1,580786 0,600000 1,429763 1,810285 1,515657
33 1690409870 0,934559 0,400000 0,647215 1,221903 0,382387
36 1690409870 0,370514 0,400000 0,366538 0,374489 0,054918
13 1690409870 1,580786 0,600000 1,429763 1,810285 1,515657
16 1690409870 0,662012 0,600000 0,621615 0,690254 0,263471
41 1690409870 0,266358 0,400000 0,230508 0,302208 0,028893
33 1690409871 0,934559 0,400000 0,647215 1,221903 0,382387
36 1690409871 0,370514 0,400000 0,366538 0,374489 0,054918
13 1690409871 1,580786 0,600000 1,429763 1,810285 1,515657
16 1690409871 0,662012 0,600000 0,621615 0,690254 0,263471
41 1690409871 0,266358 0,400000 0,230508 0,302208 0,028893
33 1690409872 0,673544 0,800000 0,658008 0,690979 0,363039
36 1690409872 0,401301 1,000000 0,370564 0,481560 0,162730
13 1690409872 1,382014 0,400000 1,280856 1,483172 0,768078
16 1690409872 0,730560 0,800000 0,627074 0,776775 0,429924
41 1690409872 0,215529 0,200000 0,215529 0,215529 0,009291
33 1690409873 0,673544 0,800000 0,658008 0,690979 0,363039
36 1690409873 0,401301 1,000000 0,370564 0,481560 0,162730
13 1690409873 1,382014 0,400000 1,280856 1,483172 0,768078
16 1690409873 0,730560 0,800000 0,627074 0,776775 0,429924
41 1690409873 0,215529 0,200000 0,215529 0,215529 0,009291
41 1690409874 0,215529 0,200000 0,215529 0,215529 0,009291
33 1690409874 0,673544 0,800000 0,658008 0,690979 0,363039
16 1690409874 0,730560 0,800000 0,627074 0,776775 0,429924
36 1690409874 0,401301 1,000000 0,370564 0,481560 0,162730
13 1690409874 1,382014 0,400000 1,280856 1,483172 0,768078
33 1690409875 0,673544 0,800000 0,658008 0,690979 0,363039
36 1690409875 0,401301 1,000000 0,370564 0,481560 0,162730
13 1690409875 1,382014 0,400000 1,280856 1,483172 0,768078
16 1690409875 0,730560 0,800000 0,627074 0,776775 0,429924
41 1690409875 0,215529 0,200000 0,215529 0,215529 0,009291
33 1690409876 0,673544 0,800000 0,658008 0,690979 0,363039
36 1690409876 0,401301 1,000000 0,370564 0,481560 0,162730
13 1690409876 1,382014 0,400000 1,280856 1,483172 0,768078
16 1690409876 0,730560 0,800000 0,627074 0,776775 0,429924
41 1690409876 0,215529 0,200000 0,215529 0,215529 0,009291
33 1690409877 0,657772 0,400000 0,635840 0,679705 0,173258
36 1690409877 0,454449 0,400000 0,359491 0,549407 0,086216
13 1690409877 1,660885 0,400000 1,555832 1,765938 1,107830
16 1690409877 0,702401 0,200000 0,702401 0,702401 0,098673
41 1690409877 0,225139 0,800000 0,220694 0,229843 0,040560
33 1690409878 0,657772 0,400000 0,635840 0,679705 0,173258
36 1690409878 0,454449 0,400000 0,359491 0,549407 0,086216
13 1690409878 1,660885 0,400000 1,555832 1,765938 1,107830
16 1690409878 0,702401 0,200000 0,702401 0,702401 0,098673
41 1690409878 0,225139 0,800000 0,220694 0,229843 0,040560
41 1690409879 0,225139 0,800000 0,220694 0,229843 0,040560
33 1690409879 0,657772 0,400000 0,635840 0,679705 0,173258
16 1690409879 0,702401 0,200000 0,702401 0,702401 0,098673
36 1690409879 0,454449 0,400000 0,359491 0,549407 0,086216
13 1690409879 1,660885 0,400000 1,555832 1,765938 1,107830
33 1690409880 0,657772 0,400000 0,635840 0,679705 0,173258
36 1690409880 0,454449 0,400000 0,359491 0,549407 0,086216
13 1690409880 1,660885 0,400000 1,555832 1,765938 1,107830
16 1690409880 0,702401 0,200000 0,702401 0,702401 0,098673
41 1690409880 0,225139 0,800000 0,220694 0,229843 0,040560
33 1690409881 0,657772 0,400000 0,635840 0,679705 0,173258
36 1690409881 0,454449 0,400000 0,359491 0,549407 0,086216
13 1690409881 1,660885 0,400000 1,555832 1,765938 1,107830
16 1690409881 0,702401 0,200000 0,702401 0,702401 0,098673
41 1690409881 0,225139 0,800000 0,220694 0,229843 0,040560
33 1690409882 0,631458 0,600000 0,626288 0,638333 0,239259
36 1690409882 0,379959 0,400000 0,371848 0,388070 0,057774
13 1690409882 1,561861 0,600000 1,329814 1,797915 1,485563
16 1690409882 0,653016 0,400000 0,651520 0,654511 0,170573
41 1690409882 0,216696 0,800000 0,207412 0,232387 0,037642
33 1690409883 0,631458 0,600000 0,626288 0,638333 0,239259
36 1690409883 0,379959 0,400000 0,371848 0,388070 0,057774
13 1690409883 1,561861 0,600000 1,329814 1,797915 1,485563
16 1690409883 0,653016 0,400000 0,651520 0,654511 0,170573
41 1690409883 0,216696 0,800000 0,207412 0,232387 0,037642
41 1690409884 0,216696 0,800000 0,207412 0,232387 0,037642
33 1690409884 0,631458 0,600000 0,626288 0,638333 0,239259
16 1690409884 0,653016 0,400000 0,651520 0,654511 0,170573
36 1690409884 0,379959 0,400000 0,371848 0,388070 0,057774
13 1690409884 1,561861 0,600000 1,329814 1,797915 1,485563
33 1690409885 0,631458 0,600000 0,626288 0,638333 0,239259
36 1690409885 0,379959 0,400000 0,371848 0,388070 0,057774
13 1690409885 1,561861 0,600000 1,329814 1,797915 1,485563
16 1690409885 0,653016 0,400000 0,651520 0,654511 0,170573
41 1690409885 0,216696 0,800000 0,207412 0,232387 0,037642
33 1690409886 0,631458 0,600000 0,626288 0,638333 0,239259
36 1690409886 0,379959 0,400000 0,371848 0,388070 0,057774
13 1690409886 1,561861 0,600000 1,329814 1,797915 1,485563
16 1690409886 0,653016 0,400000 0,651520 0,654511 0,170573
41 1690409886 0,216696 0,800000 0,207412 0,232387 0,037642
33 1690409887 0,672047 0,200000 0,672047 0,672047 0,090330
36 1690409887 0,394589 0,800000 0,372741 0,408080 0,124709
13 1690409887 1,595978 0,800000 1,492484 1,648675 2,040754
16 1690409887 0,661170 1,000000 0,634818 0,690296 0,437703
41 1690409887 0,225705 0,200000 0,225705 0,225705 0,010189
33 1690409888 0,672047 0,200000 0,672047 0,672047 0,090330
36 1690409888 0,394589 0,800000 0,372741 0,408080 0,124709
13 1690409888 1,595978 0,800000 1,492484 1,648675 2,040754
16 1690409888 0,661170 1,000000 0,634818 0,690296 0,437703
41 1690409888 0,225705 0,200000 0,225705 0,225705 0,010189
41 1690409889 0,225705 0,200000 0,225705 0,225705 0,010189
33 1690409889 0,672047 0,200000 0,672047 0,672047 0,090330
16 1690409889 0,661170 1,000000 0,634818 0,690296 0,437703
36 1690409889 0,394589 0,800000 0,372741 0,408080 0,124709
13 1690409889 1,595978 0,800000 1,492484 1,648675 2,040754
33 1690409890 0,672047 0,200000 0,672047 0,672047 0,090330
36 1690409890 0,394589 0,800000 0,372741 0,408080 0,124709
13 1690409890 1,595978 0,800000 1,492484 1,648675 2,040754
16 1690409890 0,661170 1,000000 0,634818 0,690296 0,437703
41 1690409890 0,225705 0,200000 0,225705 0,225705 0,010189
33 1690409891 0,672047 0,200000 0,672047 0,672047 0,090330
36 1690409891 0,394589 0,800000 0,372741 0,408080 0,124709
13 1690409891 1,595978 0,800000 1,492484 1,648675 2,040754
16 1690409891 0,661170 1,000000 0,634818 0,690296 0,437703
41 1690409891 0,225705 0,200000 0,225705 0,225705 0,010189
33 1690409892 0,800407 0,800000 0,468678 1,365169 0,603777
36 1690409892 0,398240 0,400000 0,389684 0,406796 0,063467
13 1690409892 1,849073 0,200000 1,849073 1,849073 0,683814
16 1690409892 0,682670 0,400000 0,669807 0,695533 0,186482
41 1690409892 0,225550 0,400000 0,224486 0,226613 0,020350
33 1690409893 0,800407 0,800000 0,468678 1,365169 0,603777
36 1690409893 0,398240 0,400000 0,389684 0,406796 0,063467
13 1690409893 1,849073 0,200000 1,849073 1,849073 0,683814
16 1690409893 0,682670 0,400000 0,669807 0,695533 0,186482
41 1690409893 0,225550 0,400000 0,224486 0,226613 0,020350
41 1690409894 0,225550 0,400000 0,224486 0,226613 0,020350
33 1690409894 0,800407 0,800000 0,468678 1,365169 0,603777
16 1690409894 0,682670 0,400000 0,669807 0,695533 0,186482
36 1690409894 0,398240 0,400000 0,389684 0,406796 0,063467
13 1690409894 1,849073 0,200000 1,849073 1,849073 0,683814
33 1690409895 0,800407 0,800000 0,468678 1,365169 0,603777
36 1690409895 0,398240 0,400000 0,389684 0,406796 0,063467
13 1690409895 1,849073 0,200000 1,849073 1,849073 0,683814
16 1690409895 0,682670 0,400000 0,669807 0,695533 0,186482
41 1690409895 0,225550 0,400000 0,224486 0,226613 0,020350
33 1690409896 0,800407 0,800000 0,468678 1,365169 0,603777
36 1690409896 0,398240 0,400000 0,389684 0,406796 0,063467
13 1690409896 1,849073 0,200000 1,849073 1,849073 0,683814
16 1690409896 0,682670 0,400000 0,669807 0,695533 0,186482
41 1690409896 0,225550 0,400000 0,224486 0,226613 0,020350
33 1690409897 0,560008 0,800000 0,430382 0,679431 0,261311
36 1690409897 0,365240 0,400000 0,357619 0,372862 0,053383
13 1690409897 1,709893 0,400000 1,595301 1,824485 1,174746
16 1690409897 0,679785 0,400000 0,678414 0,681156 0,184844
41 1690409897 0,268462 1,000000 0,219074 0,437408 0,079225
33 1690409898 0,560008 0,800000 0,430382 0,679431 0,261311
36 1690409898 0,365240 0,400000 0,357619 0,372862 0,053383
13 1690409898 1,709893 0,400000 1,595301 1,824485 1,174746
16 1690409898 0,679785 0,400000 0,678414 0,681156 0,184844
41 1690409898 0,268462 1,000000 0,219074 0,437408 0,079225
41 1690409899 0,268462 1,000000 0,219074 0,437408 0,079225
33 1690409899 0,560008 0,800000 0,430382 0,679431 0,261311
16 1690409899 0,679785 0,400000 0,678414 0,681156 0,184844
36 1690409899 0,365240 0,400000 0,357619 0,372862 0,053383
13 1690409899 1,709893 0,400000 1,595301 1,824485 1,174746
33 1690409900 0,560008 0,800000 0,430382 0,679431 0,261311
36 1690409900 0,365240 0,400000 0,357619 0,372862 0,053383
13 1690409900 1,709893 0,400000 1,595301 1,824485 1,174746
16 1690409900 0,679785 0,400000 0,678414 0,681156 0,184844
41 1690409900 0,268462 1,000000 0,219074 0,437408 0,079225
33 1690409901 0,560008 0,800000 0,430382 0,679431 0,261311
36 1690409901 0,365240 0,400000 0,357619 0,372862 0,053383
13 1690409901 1,709893 0,400000 1,595301 1,824485 1,174746
16 1690409901 0,679785 0,400000 0,678414 0,681156 0,184844
41 1690409901 0,268462 1,000000 0,219074 0,437408 0,079225
33 1690409902 0,456221 0,200000 0,456221 0,456221 0,041627
36 1690409902 0,397572 0,400000 0,391226 0,403917 0,063241
13 1690409902 1,654246 1,000000 1,268813 1,846239 2,779575
16 1690409902 0,662962 0,800000 0,640547 0,679950 0,351777
41 1690409902 0,219097 0,400000 0,211187 0,227006 0,019226
33 1690409903 0,456221 0,200000 0,456221 0,456221 0,041627
36 1690409903 0,397572 0,400000 0,391226 0,403917 0,063241
13 1690409903 1,654246 1,000000 1,268813 1,846239 2,779575
16 1690409903 0,662962 0,800000 0,640547 0,679950 0,351777
41 1690409903 0,219097 0,400000 0,211187 0,227006 0,019226
41 1690409904 0,219097 0,400000 0,211187 0,227006 0,019226
33 1690409904 0,456221 0,200000 0,456221 0,456221 0,041627
16 1690409904 0,662962 0,800000 0,640547 0,679950 0,351777
36 1690409904 0,397572 0,400000 0,391226 0,403917 0,063241
13 1690409904 1,654246 1,000000 1,268813 1,846239 2,779575
33 1690409905 0,456221 0,200000 0,456221 0,456221 0,041627
36 1690409905 0,397572 0,400000 0,391226 0,403917 0,063241
13 1690409905 1,654246 1,000000 1,268813 1,846239 2,779575
16 1690409905 0,662962 0,800000 0,640547 0,679950 0,351777
41 1690409905 0,219097 0,400000 0,211187 0,227006 0,019226
33 1690409906 0,456221 0,200000 0,456221 0,456221 0,041627
36 1690409906 0,397572 0,400000 0,391226 0,403917 0,063241
13 1690409906 1,654246 1,000000 1,268813 1,846239 2,779575
16 1690409906 0,662962 0,800000 0,640547 0,679950 0,351777
41 1690409906 0,219097 0,400000 0,211187 0,227006 0,019226
33 1690409907 0,464570 0,200000 0,464570 0,464570 0,043165
36 1690409907 0,389865 0,600000 0,362576 0,405062 0,091421
13 1690409907 1,596905 0,400000 1,555524 1,638287 1,020727
16 1690409907 0,672967 0,400000 0,656045 0,689889 0,181268
41 1690409907 0,226099 0,400000 0,225062 0,227135 0,020449
33 1690409908 0,464570 0,200000 0,464570 0,464570 0,043165
36 1690409908 0,389865 0,600000 0,362576 0,405062 0,091421
13 1690409908 1,596905 0,400000 1,555524 1,638287 1,020727
16 1690409908 0,672967 0,400000 0,656045 0,689889 0,181268
41 1690409908 0,226099 0,400000 0,225062 0,227135 0,020449
41 1690409909 0,226099 0,400000 0,225062 0,227135 0,020449
33 1690409909 0,464570 0,200000 0,464570 0,464570 0,043165
16 1690409909 0,672967 0,400000 0,656045 0,689889 0,181268
36 1690409909 0,389865 0,600000 0,362576 0,405062 0,091421
33 1690409910 0,464570 0,200000 0,464570 0,464570 0,043165
36 1690409910 0,389865 0,600000 0,362576 0,405062 0,091421
13 1690409909 1,596905 0,400000 1,555524 1,638287 1,020727
13 1690409910 1,596905 0,400000 1,555524 1,638287 1,020727
16 1690409910 0,672967 0,400000 0,656045 0,689889 0,181268
41 1690409910 0,226099 0,400000 0,225062 0,227135 0,020449
33 1690409911 0,464570 0,200000 0,464570 0,464570 0,043165
36 1690409911 0,389865 0,600000 0,362576 0,405062 0,091421
13 1690409911 1,596905 0,400000 1,555524 1,638287 1,020727
16 1690409911 0,672967 0,400000 0,656045 0,689889 0,181268
41 1690409911 0,226099 0,400000 0,225062 0,227135 0,020449
33 1690409912 0,447401 0,800000 0,420186 0,479301 0,160496
36 1690409912 0,425483 0,800000 0,396945 0,448238 0,145149
13 1690409912 1,651650 0,400000 1,614077 1,689224 1,091744
16 1690409912 0,645625 0,400000 0,637413 0,653836 0,166759
41 1690409912 0,222744 0,600000 0,216813 0,228195 0,029782
33 1690409913 0,447401 0,800000 0,420186 0,479301 0,160496
36 1690409913 0,425483 0,800000 0,396945 0,448238 0,145149
13 1690409913 1,651650 0,400000 1,614077 1,689224 1,091744
16 1690409913 0,645625 0,400000 0,637413 0,653836 0,166759
41 1690409913 0,222744 0,600000 0,216813 0,228195 0,029782
33 1690409914 0,447401 0,800000 0,420186 0,479301 0,160496
36 1690409914 0,425483 0,800000 0,396945 0,448238 0,145149
13 1690409914 1,651650 0,400000 1,614077 1,689224 1,091744
16 1690409914 0,645625 0,400000 0,637413 0,653836 0,166759
41 1690409914 0,222744 0,600000 0,216813 0,228195 0,029782
33 1690409915 0,447401 0,800000 0,420186 0,479301 0,160496
36 1690409915 0,425483 0,800000 0,396945 0,448238 0,145149
13 1690409915 1,651650 0,400000 1,614077 1,689224 1,091744
16 1690409915 0,645625 0,400000 0,637413 0,653836 0,166759
41 1690409915 0,222744 0,600000 0,216813 0,228195 0,029782
33 1690409916 0,447401 0,800000 0,420186 0,479301 0,160496
36 1690409916 0,425483 0,800000 0,396945 0,448238 0,145149
13 1690409916 1,651650 0,400000 1,614077 1,689224 1,091744
16 1690409916 0,645625 0,400000 0,637413 0,653836 0,166759
41 1690409916 0,222744 0,600000 0,216813 0,228195 0,029782
33 1690409917 0,453801 0,600000 0,447028 0,463176 0,123589
36 1690409917 0,417130 0,200000 0,417130 0,417130 0,034799
13 1690409917 1,805120 0,600000 1,745944 1,835767 1,956126
16 1690409917 0,673678 0,400000 0,668003 0,679352 0,181550
41 1690409917 0,219685 0,400000 0,218537 0,220832 0,019305
33 1690409918 0,453801 0,600000 0,447028 0,463176 0,123589
36 1690409918 0,417130 0,200000 0,417130 0,417130 0,034799
13 1690409918 1,805120 0,600000 1,745944 1,835767 1,956126
16 1690409918 0,673678 0,400000 0,668003 0,679352 0,181550
41 1690409918 0,219685 0,400000 0,218537 0,220832 0,019305
33 1690409919 0,453801 0,600000 0,447028 0,463176 0,123589
36 1690409919 0,417130 0,200000 0,417130 0,417130 0,034799
13 1690409919 1,805120 0,600000 1,745944 1,835767 1,956126
16 1690409919 0,673678 0,400000 0,668003 0,679352 0,181550
41 1690409919 0,219685 0,400000 0,218537 0,220832 0,019305
33 1690409920 0,453801 0,600000 0,447028 0,463176 0,123589
36 1690409920 0,417130 0,200000 0,417130 0,417130 0,034799
13 1690409920 1,805120 0,600000 1,745944 1,835767 1,956126
16 1690409920 0,673678 0,400000 0,668003 0,679352 0,181550
41 1690409920 0,219685 0,400000 0,218537 0,220832 0,019305
33 1690409921 0,453801 0,600000 0,447028 0,463176 0,123589
36 1690409921 0,417130 0,200000 0,417130 0,417130 0,034799
13 1690409921 1,805120 0,600000 1,745944 1,835767 1,956126
16 1690409921 0,673678 0,400000 0,668003 0,679352 0,181550
41 1690409921 0,219685 0,400000 0,218537 0,220832 0,019305
33 1690409922 0,460729 0,400000 0,452003 0,469455 0,084939
36 1690409922 0,374174 0,200000 0,374174 0,374174 0,028001
13 1690409922 1,633790 0,400000 1,591412 1,676167 1,068426
16 1690409922 0,687832 0,600000 0,623520 0,751393 0,285503
41 1690409922 0,226769 0,400000 0,222107 0,231430 0,020578
33 1690409923 0,460729 0,400000 0,452003 0,469455 0,084939
36 1690409923 0,374174 0,200000 0,374174 0,374174 0,028001
13 1690409923 1,633790 0,400000 1,591412 1,676167 1,068426
16 1690409923 0,687832 0,600000 0,623520 0,751393 0,285503
41 1690409923 0,226769 0,400000 0,222107 0,231430 0,020578
33 1690409924 0,460729 0,400000 0,452003 0,469455 0,084939
36 1690409924 0,374174 0,200000 0,374174 0,374174 0,028001
13 1690409924 1,633790 0,400000 1,591412 1,676167 1,068426
16 1690409924 0,687832 0,600000 0,623520 0,751393 0,285503
41 1690409924 0,226769 0,400000 0,222107 0,231430 0,020578
33 1690409925 0,460729 0,400000 0,452003 0,469455 0,084939
36 1690409925 0,374174 0,200000 0,374174 0,374174 0,028001
13 1690409925 1,633790 0,400000 1,591412 1,676167 1,068426
16 1690409925 0,687832 0,600000 0,623520 0,751393 0,285503
41 1690409925 0,226769 0,400000 0,222107 0,231430 0,020578
33 1690409926 0,460729 0,400000 0,452003 0,469455 0,084939
36 1690409926 0,374174 0,200000 0,374174 0,374174 0,028001
13 1690409926 1,633790 0,400000 1,591412 1,676167 1,068426
16 1690409926 0,687832 0,600000 0,623520 0,751393 0,285503
41 1690409926 0,226769 0,400000 0,222107 0,231430 0,020578
33 1690409927 0,464509 0,200000 0,464509 0,464509 0,043154
36 1690409927 4,604135 1,000000 0,388741 21,262025 90,570311
13 1690409927 1,741551 0,400000 1,623140 1,859961 1,218808
16 1690409927 0,720211 0,800000 0,647239 0,771264 0,416715
41 1690409927 0,238731 0,400000 0,214015 0,263448 0,023041
33 1690409928 0,464509 0,200000 0,464509 0,464509 0,043154
36 1690409928 4,604135 1,000000 0,388741 21,262025 90,570311
13 1690409928 1,741551 0,400000 1,623140 1,859961 1,218808
16 1690409928 0,720211 0,800000 0,647239 0,771264 0,416715
41 1690409928 0,238731 0,400000 0,214015 0,263448 0,023041
33 1690409929 0,464509 0,200000 0,464509 0,464509 0,043154
36 1690409929 4,604135 1,000000 0,388741 21,262025 90,570311
13 1690409929 1,741551 0,400000 1,623140 1,859961 1,218808
16 1690409929 0,720211 0,800000 0,647239 0,771264 0,416715
41 1690409929 0,238731 0,400000 0,214015 0,263448 0,023041
33 1690409930 0,464509 0,200000 0,464509 0,464509 0,043154
36 1690409930 4,604135 1,000000 0,388741 21,262025 90,570311
13 1690409930 1,741551 0,400000 1,623140 1,859961 1,218808
16 1690409930 0,720211 0,800000 0,647239 0,771264 0,416715
41 1690409930 0,238731 0,400000 0,214015 0,263448 0,023041
33 1690409931 0,464509 0,200000 0,464509 0,464509 0,043154
36 1690409931 4,604135 1,000000 0,388741 21,262025 90,570311
13 1690409931 1,741551 0,400000 1,623140 1,859961 1,218808
16 1690409931 0,720211 0,800000 0,647239 0,771264 0,416715
41 1690409931 0,238731 0,400000 0,214015 0,263448 0,023041
33 1690409932 0,565061 1,000000 0,449228 0,935105 0,353856
36 1690409932 0,390455 0,600000 0,371895 0,424366 0,091819
13 1690409932 1,724848 0,400000 1,631159 1,818537 1,193552
16 1690409932 0,646502 0,200000 0,646502 0,646502 0,083593
41 1690409932 0,226175 0,800000 0,219024 0,237208 0,040970
33 1690409933 0,565061 1,000000 0,449228 0,935105 0,353856
36 1690409933 0,390455 0,600000 0,371895 0,424366 0,091819
13 1690409933 1,724848 0,400000 1,631159 1,818537 1,193552
16 1690409933 0,646502 0,200000 0,646502 0,646502 0,083593
41 1690409933 0,226175 0,800000 0,219024 0,237208 0,040970
33 1690409934 0,565061 1,000000 0,449228 0,935105 0,353856
36 1690409934 0,390455 0,600000 0,371895 0,424366 0,091819
13 1690409934 1,724848 0,400000 1,631159 1,818537 1,193552
16 1690409934 0,646502 0,200000 0,646502 0,646502 0,083593
41 1690409934 0,226175 0,800000 0,219024 0,237208 0,040970
33 1690409935 0,565061 1,000000 0,449228 0,935105 0,353856
36 1690409935 0,390455 0,600000 0,371895 0,424366 0,091819
13 1690409935 1,724848 0,400000 1,631159 1,818537 1,193552
16 1690409935 0,646502 0,200000 0,646502 0,646502 0,083593
41 1690409935 0,226175 0,800000 0,219024 0,237208 0,040970
33 1690409936 0,565061 1,000000 0,449228 0,935105 0,353856
36 1690409936 0,390455 0,600000 0,371895 0,424366 0,091819
13 1690409936 1,724848 0,400000 1,631159 1,818537 1,193552
16 1690409936 0,646502 0,200000 0,646502 0,646502 0,083593
41 1690409936 0,226175 0,800000 0,219024 0,237208 0,040970
33 1690409937 0,472304 0,400000 0,464841 0,479766 0,089251
36 1690409937 0,375981 0,400000 0,373894 0,378068 0,056546
13 1690409937 1,734355 0,800000 1,555719 1,831821 2,416072
16 1690409937 0,781150 0,200000 0,781150 0,781150 0,122039
41 1690409937 0,225933 0,800000 0,223049 0,227737 0,040839
33 1690409938 0,472304 0,400000 0,464841 0,479766 0,089251
36 1690409938 0,375981 0,400000 0,373894 0,378068 0,056546
13 1690409938 1,734355 0,800000 1,555719 1,831821 2,416072
16 1690409938 0,781150 0,200000 0,781150 0,781150 0,122039
41 1690409938 0,225933 0,800000 0,223049 0,227737 0,040839
33 1690409939 0,472304 0,400000 0,464841 0,479766 0,089251
36 1690409939 0,375981 0,400000 0,373894 0,378068 0,056546
13 1690409939 1,734355 0,800000 1,555719 1,831821 2,416072
16 1690409939 0,781150 0,200000 0,781150 0,781150 0,122039
41 1690409939 0,225933 0,800000 0,223049 0,227737 0,040839
33 1690409940 0,472304 0,400000 0,464841 0,479766 0,089251
36 1690409940 0,375981 0,400000 0,373894 0,378068 0,056546
13 1690409940 1,734355 0,800000 1,555719 1,831821 2,416072
16 1690409940 0,781150 0,200000 0,781150 0,781150 0,122039
41 1690409940 0,225933 0,800000 0,223049 0,227737 0,040839
33 1690409941 0,472304 0,400000 0,464841 0,479766 0,089251
36 1690409941 0,375981 0,400000 0,373894 0,378068 0,056546
13 1690409941 1,734355 0,800000 1,555719 1,831821 2,416072
16 1690409941 0,781150 0,200000 0,781150 0,781150 0,122039
41 1690409941 0,225933 0,800000 0,223049 0,227737 0,040839
33 1690409942 0,456109 0,400000 0,445186 0,467032 0,083262
36 1690409942 0,390290 0,200000 0,390290 0,390290 0,030465
13 1690409942 1,589193 0,800000 1,488462 1,658634 2,023518
16 1690409942 0,674448 1,000000 0,620838 0,747062 0,456656
41 1690409942 0,225600 0,200000 0,225600 0,225600 0,010179
33 1690409943 0,456109 0,400000 0,445186 0,467032 0,083262
36 1690409943 0,390290 0,200000 0,390290 0,390290 0,030465
13 1690409943 1,589193 0,800000 1,488462 1,658634 2,023518
16 1690409943 0,674448 1,000000 0,620838 0,747062 0,456656
41 1690409943 0,225600 0,200000 0,225600 0,225600 0,010179
41 1690409944 0,225600 0,200000 0,225600 0,225600 0,010179
33 1690409944 0,456109 0,400000 0,445186 0,467032 0,083262
16 1690409944 0,674448 1,000000 0,620838 0,747062 0,456656
36 1690409944 0,390290 0,200000 0,390290 0,390290 0,030465
13 1690409944 1,589193 0,800000 1,488462 1,658634 2,023518
33 1690409945 0,456109 0,400000 0,445186 0,467032 0,083262
36 1690409945 0,390290 0,200000 0,390290 0,390290 0,030465
13 1690409945 1,589193 0,800000 1,488462 1,658634 2,023518
16 1690409945 0,674448 1,000000 0,620838 0,747062 0,456656
41 1690409945 0,225600 0,200000 0,225600 0,225600 0,010179
33 1690409946 0,456109 0,400000 0,445186 0,467032 0,083262
36 1690409946 0,390290 0,200000 0,390290 0,390290 0,030465
13 1690409946 1,589193 0,800000 1,488462 1,658634 2,023518
16 1690409946 0,674448 1,000000 0,620838 0,747062 0,456656
41 1690409946 0,225600 0,200000 0,225600 0,225600 0,010179
33 1690409947 0,564278 0,800000 0,453751 0,672562 0,263823
36 1690409947 0,416461 1,000000 0,365518 0,486138 0,175216
13 1690409947 2,710317 0,200000 2,710317 2,710317 1,469164
16 1690409947 0,638088 0,600000 0,623019 0,647931 0,244364
41 1690409947 0,227105 0,200000 0,227105 0,227105 0,010315
33 1690409948 0,564278 0,800000 0,453751 0,672562 0,263823
36 1690409948 0,416461 1,000000 0,365518 0,486138 0,175216
13 1690409948 2,710317 0,200000 2,710317 2,710317 1,469164
16 1690409948 0,638088 0,600000 0,623019 0,647931 0,244364
41 1690409948 0,227105 0,200000 0,227105 0,227105 0,010315
41 1690409949 0,227105 0,200000 0,227105 0,227105 0,010315
33 1690409949 0,564278 0,800000 0,453751 0,672562 0,263823
16 1690409949 0,638088 0,600000 0,623019 0,647931 0,244364
36 1690409949 0,416461 1,000000 0,365518 0,486138 0,175216
13 1690409949 2,710317 0,200000 2,710317 2,710317 1,469164
33 1690409950 0,564278 0,800000 0,453751 0,672562 0,263823
36 1690409950 0,416461 1,000000 0,365518 0,486138 0,175216
13 1690409950 2,710317 0,200000 2,710317 2,710317 1,469164
16 1690409950 0,638088 0,600000 0,623019 0,647931 0,244364
41 1690409950 0,227105 0,200000 0,227105 0,227105 0,010315
33 1690409951 0,564278 0,800000 0,453751 0,672562 0,263823
36 1690409951 0,416461 1,000000 0,365518 0,486138 0,175216
13 1690409951 2,710317 0,200000 2,710317 2,710317 1,469164
16 1690409951 0,638088 0,600000 0,623019 0,647931 0,244364
41 1690409951 0,227105 0,200000 0,227105 0,227105 0,010315
33 1690409952 0,512849 0,600000 0,419445 0,674915 0,165750
36 1690409952 0,432510 0,400000 0,380785 0,484236 0,075896
13 1690409952 1,707702 0,200000 1,707702 1,707702 0,583249
16 1690409952 0,667284 0,400000 0,625870 0,708699 0,178793
41 1690409952 0,227011 1,000000 0,213359 0,235253 0,051593
33 1690409953 0,512849 0,600000 0,419445 0,674915 0,165750
36 1690409953 0,432510 0,400000 0,380785 0,484236 0,075896
13 1690409953 1,707702 0,200000 1,707702 1,707702 0,583249
16 1690409953 0,667284 0,400000 0,625870 0,708699 0,178793
41 1690409953 0,227011 1,000000 0,213359 0,235253 0,051593
41 1690409954 0,227011 1,000000 0,213359 0,235253 0,051593
33 1690409954 0,512849 0,600000 0,419445 0,674915 0,165750
16 1690409954 0,667284 0,400000 0,625870 0,708699 0,178793
36 1690409954 0,432510 0,400000 0,380785 0,484236 0,075896
13 1690409954 1,707702 0,200000 1,707702 1,707702 0,583249
33 1690409955 0,512849 0,600000 0,419445 0,674915 0,165750
36 1690409955 0,432510 0,400000 0,380785 0,484236 0,075896
13 1690409955 1,707702 0,200000 1,707702 1,707702 0,583249
16 1690409955 0,667284 0,400000 0,625870 0,708699 0,178793
41 1690409955 0,227011 1,000000 0,213359 0,235253 0,051593
33 1690409956 0,512849 0,600000 0,419445 0,674915 0,165750
36 1690409956 0,432510 0,400000 0,380785 0,484236 0,075896
13 1690409956 1,707702 0,200000 1,707702 1,707702 0,583249
16 1690409956 0,667284 0,400000 0,625870 0,708699 0,178793
41 1690409956 0,227011 1,000000 0,213359 0,235253 0,051593
33 1690409957 0,652251 0,200000 0,652251 0,652251 0,085086
36 1690409957 0,373407 0,400000 0,365109 0,381705 0,055801
13 1690409957 1,555794 1,200000 1,475194 1,740143 2,914296
16 1690409957 0,636754 0,200000 0,636754 0,636754 0,081091
41 1690409957 0,225669 0,600000 0,212636 0,234411 0,030609
33 1690409958 0,652251 0,200000 0,652251 0,652251 0,085086
36 1690409958 0,373407 0,400000 0,365109 0,381705 0,055801
13 1690409958 1,555794 1,200000 1,475194 1,740143 2,914296
16 1690409958 0,636754 0,200000 0,636754 0,636754 0,081091
41 1690409958 0,225669 0,600000 0,212636 0,234411 0,030609
41 1690409959 0,225669 0,600000 0,212636 0,234411 0,030609
33 1690409959 0,652251 0,200000 0,652251 0,652251 0,085086
16 1690409959 0,636754 0,200000 0,636754 0,636754 0,081091
36 1690409959 0,373407 0,400000 0,365109 0,381705 0,055801
13 1690409959 1,555794 1,200000 1,475194 1,740143 2,914296
33 1690409960 0,652251 0,200000 0,652251 0,652251 0,085086
36 1690409960 0,373407 0,400000 0,365109 0,381705 0,055801
13 1690409960 1,555794 1,200000 1,475194 1,740143 2,914296
16 1690409960 0,636754 0,200000 0,636754 0,636754 0,081091
41 1690409960 0,225669 0,600000 0,212636 0,234411 0,030609
33 1690409961 0,652251 0,200000 0,652251 0,652251 0,085086
36 1690409961 0,373407 0,400000 0,365109 0,381705 0,055801
13 1690409961 1,555794 1,200000 1,475194 1,740143 2,914296
16 1690409961 0,636754 0,200000 0,636754 0,636754 0,081091
41 1690409961 0,225669 0,600000 0,212636 0,234411 0,030609
33 1690409962 0,647311 0,400000 0,623414 0,671208 0,167833
36 1690409962 0,418303 0,800000 0,371194 0,542334 0,144116
13 1690409962 2,137794 0,400000 1,617043 2,658545 1,936538
16 1690409962 0,890833 1,000000 0,612847 1,691463 0,963224
41 1690409962 0,215410 0,200000 0,215410 0,215410 0,009280
33 1690409963 0,647311 0,400000 0,623414 0,671208 0,167833
36 1690409963 0,418303 0,800000 0,371194 0,542334 0,144116
13 1690409963 2,137794 0,400000 1,617043 2,658545 1,936538
16 1690409963 0,890833 1,000000 0,612847 1,691463 0,963224
41 1690409963 0,215410 0,200000 0,215410 0,215410 0,009280
41 1690409964 0,215410 0,200000 0,215410 0,215410 0,009280
33 1690409964 0,647311 0,400000 0,623414 0,671208 0,167833
16 1690409964 0,890833 1,000000 0,612847 1,691463 0,963224
36 1690409964 0,418303 0,800000 0,371194 0,542334 0,144116
13 1690409964 2,137794 0,400000 1,617043 2,658545 1,936538
33 1690409965 0,647311 0,400000 0,623414 0,671208 0,167833
36 1690409965 0,418303 0,800000 0,371194 0,542334 0,144116
13 1690409965 2,137794 0,400000 1,617043 2,658545 1,936538
16 1690409965 0,890833 1,000000 0,612847 1,691463 0,963224
41 1690409965 0,215410 0,200000 0,215410 0,215410 0,009280
33 1690409966 0,647311 0,400000 0,623414 0,671208 0,167833
36 1690409966 0,418303 0,800000 0,371194 0,542334 0,144116
13 1690409966 2,137794 0,400000 1,617043 2,658545 1,936538
16 1690409966 0,890833 1,000000 0,612847 1,691463 0,963224
41 1690409966 0,215410 0,200000 0,215410 0,215410 0,009280
33 1690409967 0,712319 0,800000 0,466020 1,016815 0,436938
36 1690409967 0,460282 0,400000 0,422486 0,498078 0,085315
16 1690409967 0,895554 0,400000 0,789059 1,002048 0,325343
41 1690409967 0,242036 0,400000 0,225432 0,258641 0,023543
33 1690409968 0,712319 0,800000 0,466020 1,016815 0,436938
36 1690409968 0,460282 0,400000 0,422486 0,498078 0,085315
16 1690409968 0,895554 0,400000 0,789059 1,002048 0,325343
41 1690409968 0,242036 0,400000 0,225432 0,258641 0,023543
41 1690409969 0,242036 0,400000 0,225432 0,258641 0,023543
33 1690409969 0,712319 0,800000 0,466020 1,016815 0,436938
16 1690409969 0,895554 0,400000 0,789059 1,002048 0,325343
36 1690409969 0,460282 0,400000 0,422486 0,498078 0,085315
33 1690409970 0,712319 0,800000 0,466020 1,016815 0,436938
36 1690409970 0,460282 0,400000 0,422486 0,498078 0,085315
16 1690409970 0,895554 0,400000 0,789059 1,002048 0,325343
41 1690409970 0,242036 0,400000 0,225432 0,258641 0,023543
33 1690409971 0,712319 0,800000 0,466020 1,016815 0,436938
36 1690409971 0,460282 0,400000 0,422486 0,498078 0,085315
16 1690409971 0,895554 0,400000 0,789059 1,002048 0,325343
41 1690409971 0,242036 0,400000 0,225432 0,258641 0,023543
33 1690409972 1,111200 0,600000 0,667999 1,852722 0,907915
36 1690409972 0,814964 0,400000 0,800917 0,829011 0,265746
13 1690409972 3,591392 0,400000 3,293839 3,888944 5,194653
16 1690409972 0,650614 0,200000 0,650614 0,650614 0,084660
41 1690409972 0,223062 1,000000 0,212559 0,237450 0,049822
33 1690409973 1,111200 0,600000 0,667999 1,852722 0,907915
36 1690409973 0,814964 0,400000 0,800917 0,829011 0,265746
13 1690409973 3,591392 0,400000 3,293839 3,888944 5,194653
16 1690409973 0,650614 0,200000 0,650614 0,650614 0,084660
41 1690409973 0,223062 1,000000 0,212559 0,237450 0,049822
41 1690409974 0,223062 1,000000 0,212559 0,237450 0,049822
33 1690409974 1,111200 0,600000 0,667999 1,852722 0,907915
16 1690409974 0,650614 0,200000 0,650614 0,650614 0,084660
36 1690409974 0,814964 0,400000 0,800917 0,829011 0,265746
13 1690409974 3,591392 0,400000 3,293839 3,888944 5,194653
33 1690409975 1,111200 0,600000 0,667999 1,852722 0,907915
36 1690409975 0,814964 0,400000 0,800917 0,829011 0,265746
13 1690409975 3,591392 0,400000 3,293839 3,888944 5,194653
16 1690409975 0,650614 0,200000 0,650614 0,650614 0,084660
41 1690409975 0,223062 1,000000 0,212559 0,237450 0,049822
33 1690409976 1,111200 0,600000 0,667999 1,852722 0,907915
36 1690409976 0,814964 0,400000 0,800917 0,829011 0,265746
13 1690409976 3,591392 0,400000 3,293839 3,888944 5,194653
16 1690409976 0,650614 0,200000 0,650614 0,650614 0,084660
41 1690409976 0,223062 1,000000 0,212559 0,237450 0,049822
33 1690409977 0,634783 0,200000 0,634783 0,634783 0,080590
36 1690409977 0,416392 0,400000 0,412466 0,420319 0,069359
13 1690409977 1,876609 1,200000 1,567247 2,611142 4,369413
16 1690409977 0,660323 1,000000 0,638895 0,697231 0,436429
41 1690409977 0,221529 0,400000 0,209861 0,233196 0,019684
33 1690409978 0,634783 0,200000 0,634783 0,634783 0,080590
36 1690409978 0,416392 0,400000 0,412466 0,420319 0,069359
13 1690409978 1,876609 1,200000 1,567247 2,611142 4,369413
16 1690409978 0,660323 1,000000 0,638895 0,697231 0,436429
41 1690409978 0,221529 0,400000 0,209861 0,233196 0,019684
33 1690409979 0,634783 0,200000 0,634783 0,634783 0,080590
36 1690409979 0,416392 0,400000 0,412466 0,420319 0,069359
13 1690409979 1,876609 1,200000 1,567247 2,611142 4,369413
16 1690409979 0,660323 1,000000 0,638895 0,697231 0,436429
41 1690409979 0,221529 0,400000 0,209861 0,233196 0,019684
33 1690409980 0,634783 0,200000 0,634783 0,634783 0,080590
36 1690409980 0,416392 0,400000 0,412466 0,420319 0,069359
13 1690409980 1,876609 1,200000 1,567247 2,611142 4,369413
16 1690409980 0,660323 1,000000 0,638895 0,697231 0,436429
41 1690409980 0,221529 0,400000 0,209861 0,233196 0,019684
33 1690409981 0,634783 0,200000 0,634783 0,634783 0,080590
36 1690409981 0,416392 0,400000 0,412466 0,420319 0,069359
13 1690409981 1,876609 1,200000 1,567247 2,611142 4,369413
16 1690409981 0,660323 1,000000 0,638895 0,697231 0,436429
41 1690409981 0,221529 0,400000 0,209861 0,233196 0,019684
33 1690409982 0,663308 0,400000 0,657472 0,669144 0,176004
36 1690409982 0,381116 0,800000 0,358254 0,419402 0,116621
13 1690409982 1,723094 0,400000 1,623775 1,822413 1,191567
16 1690409982 0,678367 0,400000 0,673760 0,682973 0,184081
41 1690409982 0,232264 0,200000 0,232264 0,232264 0,010789
33 1690409983 0,663308 0,400000 0,657472 0,669144 0,176004
36 1690409983 0,381116 0,800000 0,358254 0,419402 0,116621
13 1690409983 1,723094 0,400000 1,623775 1,822413 1,191567
16 1690409983 0,678367 0,400000 0,673760 0,682973 0,184081
41 1690409983 0,232264 0,200000 0,232264 0,232264 0,010789
33 1690409984 0,663308 0,400000 0,657472 0,669144 0,176004
36 1690409984 0,381116 0,800000 0,358254 0,419402 0,116621
13 1690409984 1,723094 0,400000 1,623775 1,822413 1,191567
16 1690409984 0,678367 0,400000 0,673760 0,682973 0,184081
41 1690409984 0,232264 0,200000 0,232264 0,232264 0,010789
33 1690409985 0,663308 0,400000 0,657472 0,669144 0,176004
36 1690409985 0,381116 0,800000 0,358254 0,419402 0,116621
13 1690409985 1,723094 0,400000 1,623775 1,822413 1,191567
16 1690409985 0,678367 0,400000 0,673760 0,682973 0,184081
41 1690409985 0,232264 0,200000 0,232264 0,232264 0,010789
33 1690409986 0,663308 0,400000 0,657472 0,669144 0,176004
36 1690409986 0,381116 0,800000 0,358254 0,419402 0,116621
13 1690409986 1,723094 0,400000 1,623775 1,822413 1,191567
16 1690409986 0,678367 0,400000 0,673760 0,682973 0,184081
41 1690409986 0,232264 0,200000 0,232264 0,232264 0,010789
33 1690409987 0,654238 0,800000 0,623884 0,671373 0,342682
36 1690409987 0,378756 0,600000 0,369142 0,395450 0,086158
13 1690409987 1,726363 0,200000 1,726363 1,726363 0,596066
16 1690409987 0,675137 0,400000 0,617688 0,732586 0,183644
41 1690409987 0,225632 0,800000 0,222766 0,227414 0,040731
33 1690409988 0,654238 0,800000 0,623884 0,671373 0,342682
36 1690409988 0,378756 0,600000 0,369142 0,395450 0,086158
13 1690409988 1,726363 0,200000 1,726363 1,726363 0,596066
16 1690409988 0,675137 0,400000 0,617688 0,732586 0,183644
41 1690409988 0,225632 0,800000 0,222766 0,227414 0,040731
33 1690409989 0,654238 0,800000 0,623884 0,671373 0,342682
36 1690409989 0,378756 0,600000 0,369142 0,395450 0,086158
13 1690409989 1,726363 0,200000 1,726363 1,726363 0,596066
16 1690409989 0,675137 0,400000 0,617688 0,732586 0,183644
41 1690409989 0,225632 0,800000 0,222766 0,227414 0,040731
33 1690409990 0,654238 0,800000 0,623884 0,671373 0,342682
36 1690409990 0,378756 0,600000 0,369142 0,395450 0,086158
13 1690409990 1,726363 0,200000 1,726363 1,726363 0,596066
16 1690409990 0,675137 0,400000 0,617688 0,732586 0,183644
41 1690409990 0,225632 0,800000 0,222766 0,227414 0,040731
33 1690409991 0,654238 0,800000 0,623884 0,671373 0,342682
36 1690409991 0,378756 0,600000 0,369142 0,395450 0,086158
13 1690409991 1,726363 0,200000 1,726363 1,726363 0,596066
16 1690409991 0,675137 0,400000 0,617688 0,732586 0,183644
41 1690409991 0,225632 0,800000 0,222766 0,227414 0,040731
33 1690409992 0,610236 0,800000 0,420894 0,676987 0,307481
36 1690409992 0,369406 0,200000 0,369406 0,369406 0,027292
13 1690409992 1,626711 1,000000 1,491531 1,837398 2,663333
16 1690409992 0,786980 0,400000 0,774646 0,799315 0,247796
41 1690409992 0,223422 0,600000 0,211185 0,231219 0,029996
33 1690409993 0,610236 0,800000 0,420894 0,676987 0,307481
36 1690409993 0,369406 0,200000 0,369406 0,369406 0,027292
13 1690409993 1,626711 1,000000 1,491531 1,837398 2,663333
16 1690409993 0,786980 0,400000 0,774646 0,799315 0,247796
41 1690409993 0,223422 0,600000 0,211185 0,231219 0,029996
33 1690409994 0,610236 0,800000 0,420894 0,676987 0,307481
36 1690409994 0,369406 0,200000 0,369406 0,369406 0,027292
13 1690409994 1,626711 1,000000 1,491531 1,837398 2,663333
16 1690409994 0,786980 0,400000 0,774646 0,799315 0,247796
41 1690409994 0,223422 0,600000 0,211185 0,231219 0,029996
33 1690409995 0,610236 0,800000 0,420894 0,676987 0,307481
36 1690409995 0,369406 0,200000 0,369406 0,369406 0,027292
13 1690409995 1,626711 1,000000 1,491531 1,837398 2,663333
16 1690409995 0,786980 0,400000 0,774646 0,799315 0,247796
41 1690409995 0,223422 0,600000 0,211185 0,231219 0,029996
33 1690409996 0,610236 0,800000 0,420894 0,676987 0,307481
36 1690409996 0,369406 0,200000 0,369406 0,369406 0,027292
13 1690409996 1,626711 1,000000 1,491531 1,837398 2,663333
16 1690409996 0,786980 0,400000 0,774646 0,799315 0,247796
41 1690409996 0,223422 0,600000 0,211185 0,231219 0,029996
36 1690409997 0,369116 0,400000 0,362665 0,375567 0,054515
13 1690409997 1,793009 0,400000 1,737605 1,848412 1,287180
16 1690409997 0,647515 0,800000 0,633060 0,660589 0,335540
41 1690409997 0,230085 0,400000 0,228700 0,231470 0,021176
36 1690409998 0,369116 0,400000 0,362665 0,375567 0,054515
13 1690409998 1,793009 0,400000 1,737605 1,848412 1,287180
16 1690409998 0,647515 0,800000 0,633060 0,660589 0,335540
41 1690409998 0,230085 0,400000 0,228700 0,231470 0,021176
36 1690409999 0,369116 0,400000 0,362665 0,375567 0,054515
13 1690409999 1,793009 0,400000 1,737605 1,848412 1,287180
16 1690409999 0,647515 0,800000 0,633060 0,660589 0,335540
41 1690409999 0,230085 0,400000 0,228700 0,231470 0,021176
36 1690410000 0,369116 0,400000 0,362665 0,375567 0,054515
13 1690410000 1,793009 0,400000 1,737605 1,848412 1,287180
16 1690410000 0,647515 0,800000 0,633060 0,660589 0,335540
41 1690410000 0,230085 0,400000 0,228700 0,231470 0,021176
36 1690410001 0,369116 0,400000 0,362665 0,375567 0,054515
13 1690410001 1,793009 0,400000 1,737605 1,848412 1,287180
16 1690410001 0,647515 0,800000 0,633060 0,660589 0,335540
41 1690410001 0,230085 0,400000 0,228700 0,231470 0,021176
33 1690410002 0,642429 0,800000 0,624298 0,677792 0,330529
36 1690410002 0,371743 0,800000 0,352096 0,386525 0,110687
13 1690410002 1,649117 0,400000 1,541384 1,756850 1,092477
16 1690410002 0,676790 0,600000 0,637488 0,710150 0,275365
41 1690410002 0,219754 0,400000 0,218158 0,221350 0,019318
33 1690410003 0,642429 0,800000 0,624298 0,677792 0,330529
36 1690410003 0,371743 0,800000 0,352096 0,386525 0,110687
13 1690410003 1,649117 0,400000 1,541384 1,756850 1,092477
16 1690410003 0,676790 0,600000 0,637488 0,710150 0,275365
41 1690410003 0,219754 0,400000 0,218158 0,221350 0,019318
33 1690410004 0,642429 0,800000 0,624298 0,677792 0,330529
36 1690410004 0,371743 0,800000 0,352096 0,386525 0,110687
13 1690410004 1,649117 0,400000 1,541384 1,756850 1,092477
16 1690410004 0,676790 0,600000 0,637488 0,710150 0,275365
41 1690410004 0,219754 0,400000 0,218158 0,221350 0,019318
33 1690410005 0,642429 0,800000 0,624298 0,677792 0,330529
36 1690410005 0,371743 0,800000 0,352096 0,386525 0,110687
13 1690410005 1,649117 0,400000 1,541384 1,756850 1,092477
16 1690410005 0,676790 0,600000 0,637488 0,710150 0,275365
41 1690410005 0,219754 0,400000 0,218158 0,221350 0,019318
33 1690410006 0,642429 0,800000 0,624298 0,677792 0,330529
36 1690410006 0,371743 0,800000 0,352096 0,386525 0,110687
13 1690410006 1,649117 0,400000 1,541384 1,756850 1,092477
16 1690410006 0,676790 0,600000 0,637488 0,710150 0,275365
41 1690410006 0,219754 0,400000 0,218158 0,221350 0,019318
33 1690410007 0,672166 0,800000 0,648943 0,685268 0,361599
36 1690410007 0,517901 0,800000 0,366668 0,966324 0,268200
13 1690410007 1,645416 0,400000 1,556512 1,734319 1,086118
16 1690410007 0,621254 0,200000 0,621254 0,621254 0,077191
41 1690410007 0,223358 0,800000 0,215712 0,234024 0,039957
33 1690410008 0,672166 0,800000 0,648943 0,685268 0,361599
36 1690410008 0,517901 0,800000 0,366668 0,966324 0,268200
13 1690410008 1,645416 0,400000 1,556512 1,734319 1,086118
16 1690410008 0,621254 0,200000 0,621254 0,621254 0,077191
41 1690410008 0,223358 0,800000 0,215712 0,234024 0,039957
33 1690410009 0,672166 0,800000 0,648943 0,685268 0,361599
36 1690410009 0,517901 0,800000 0,366668 0,966324 0,268200
13 1690410009 1,645416 0,400000 1,556512 1,734319 1,086118
16 1690410009 0,621254 0,200000 0,621254 0,621254 0,077191
41 1690410009 0,223358 0,800000 0,215712 0,234024 0,039957
33 1690410010 0,672166 0,800000 0,648943 0,685268 0,361599
36 1690410010 0,517901 0,800000 0,366668 0,966324 0,268200
13 1690410010 1,645416 0,400000 1,556512 1,734319 1,086118
16 1690410010 0,621254 0,200000 0,621254 0,621254 0,077191
41 1690410010 0,223358 0,800000 0,215712 0,234024 0,039957
33 1690410011 0,672166 0,800000 0,648943 0,685268 0,361599
36 1690410011 0,517901 0,800000 0,366668 0,966324 0,268200
13 1690410011 1,645416 0,400000 1,556512 1,734319 1,086118
16 1690410011 0,621254 0,200000 0,621254 0,621254 0,077191
41 1690410011 0,223358 0,800000 0,215712 0,234024 0,039957
33 1690410012 0,713835 0,400000 0,709661 0,718009 0,203831
36 1690410012 0,368638 0,200000 0,368638 0,368638 0,027179
13 1690410012 1,695931 0,800000 1,578115 1,874104 2,312251
16 1690410012 0,706621 0,400000 0,630520 0,782722 0,202042
41 1690410012 0,221042 0,600000 0,209778 0,230904 0,029361
33 1690410013 0,713835 0,400000 0,709661 0,718009 0,203831
36 1690410013 0,368638 0,200000 0,368638 0,368638 0,027179
13 1690410013 1,695931 0,800000 1,578115 1,874104 2,312251
16 1690410013 0,706621 0,400000 0,630520 0,782722 0,202042
41 1690410013 0,221042 0,600000 0,209778 0,230904 0,029361
41 1690410014 0,221042 0,600000 0,209778 0,230904 0,029361
33 1690410014 0,713835 0,400000 0,709661 0,718009 0,203831
16 1690410014 0,706621 0,400000 0,630520 0,782722 0,202042
36 1690410014 0,368638 0,200000 0,368638 0,368638 0,027179
13 1690410014 1,695931 0,800000 1,578115 1,874104 2,312251
33 1690410015 0,713835 0,400000 0,709661 0,718009 0,203831
36 1690410015 0,368638 0,200000 0,368638 0,368638 0,027179
13 1690410015 1,695931 0,800000 1,578115 1,874104 2,312251
16 1690410015 0,706621 0,400000 0,630520 0,782722 0,202042
41 1690410015 0,221042 0,600000 0,209778 0,230904 0,029361
33 1690410016 0,713835 0,400000 0,709661 0,718009 0,203831
36 1690410016 0,368638 0,200000 0,368638 0,368638 0,027179
13 1690410016 1,695931 0,800000 1,578115 1,874104 2,312251
16 1690410016 0,706621 0,400000 0,630520 0,782722 0,202042
41 1690410016 0,221042 0,600000 0,209778 0,230904 0,029361
33 1690410017 0,643965 0,400000 0,641319 0,646610 0,165879
36 1690410017 0,399528 0,600000 0,362550 0,418081 0,096184
13 1690410017 1,688032 0,600000 1,569721 1,915217 1,725165
16 1690410017 0,695127 0,800000 0,639852 0,743634 0,387935
41 1690410017 0,209691 0,200000 0,209691 0,209691 0,008794
33 1690410018 0,643965 0,400000 0,641319 0,646610 0,165879
36 1690410018 0,399528 0,600000 0,362550 0,418081 0,096184
13 1690410018 1,688032 0,600000 1,569721 1,915217 1,725165
16 1690410018 0,695127 0,800000 0,639852 0,743634 0,387935
41 1690410018 0,209691 0,200000 0,209691 0,209691 0,008794
41 1690410019 0,209691 0,200000 0,209691 0,209691 0,008794
33 1690410019 0,643965 0,400000 0,641319 0,646610 0,165879
16 1690410019 0,695127 0,800000 0,639852 0,743634 0,387935
36 1690410019 0,399528 0,600000 0,362550 0,418081 0,096184
13 1690410019 1,688032 0,600000 1,569721 1,915217 1,725165
33 1690410020 0,643965 0,400000 0,641319 0,646610 0,165879
36 1690410020 0,399528 0,600000 0,362550 0,418081 0,096184
13 1690410020 1,688032 0,600000 1,569721 1,915217 1,725165
16 1690410020 0,695127 0,800000 0,639852 0,743634 0,387935
41 1690410020 0,209691 0,200000 0,209691 0,209691 0,008794
33 1690410021 0,643965 0,400000 0,641319 0,646610 0,165879
36 1690410021 0,399528 0,600000 0,362550 0,418081 0,096184
13 1690410021 1,688032 0,600000 1,569721 1,915217 1,725165
16 1690410021 0,695127 0,800000 0,639852 0,743634 0,387935
41 1690410021 0,209691 0,200000 0,209691 0,209691 0,008794
33 1690410022 0,620282 0,800000 0,473613 0,693995 0,313962
36 1690410022 0,395023 0,800000 0,383406 0,403080 0,124891
13 1690410022 1,833380 0,200000 1,833380 1,833380 0,672257
16 1690410022 0,723518 0,600000 0,659105 0,832835 0,317710
41 1690410022 0,217521 0,400000 0,213640 0,221402 0,018932
33 1690410023 0,620282 0,800000 0,473613 0,693995 0,313962
36 1690410023 0,395023 0,800000 0,383406 0,403080 0,124891
13 1690410023 1,833380 0,200000 1,833380 1,833380 0,672257
16 1690410023 0,723518 0,600000 0,659105 0,832835 0,317710
41 1690410023 0,217521 0,400000 0,213640 0,221402 0,018932
41 1690410024 0,217521 0,400000 0,213640 0,221402 0,018932
33 1690410024 0,620282 0,800000 0,473613 0,693995 0,313962
16 1690410024 0,723518 0,600000 0,659105 0,832835 0,317710
36 1690410024 0,395023 0,800000 0,383406 0,403080 0,124891
13 1690410024 1,833380 0,200000 1,833380 1,833380 0,672257
33 1690410025 0,620282 0,800000 0,473613 0,693995 0,313962
36 1690410025 0,395023 0,800000 0,383406 0,403080 0,124891
13 1690410025 1,833380 0,200000 1,833380 1,833380 0,672257
16 1690410025 0,723518 0,600000 0,659105 0,832835 0,317710
41 1690410025 0,217521 0,400000 0,213640 0,221402 0,018932
33 1690410026 0,620282 0,800000 0,473613 0,693995 0,313962
36 1690410026 0,395023 0,800000 0,383406 0,403080 0,124891
13 1690410026 1,833380 0,200000 1,833380 1,833380 0,672257
16 1690410026 0,723518 0,600000 0,659105 0,832835 0,317710
41 1690410026 0,217521 0,400000 0,213640 0,221402 0,018932
33 1690410027 0,681817 0,400000 0,660496 0,703138 0,186132
36 1690410027 0,435209 0,400000 0,434758 0,435660 0,075763
13 1690410027 1,700845 0,400000 1,614989 1,786702 1,160098
16 1690410027 0,668155 0,200000 0,668155 0,668155 0,089286
41 1690410027 0,231532 0,800000 0,222143 0,236839 0,042912
33 1690410028 0,681817 0,400000 0,660496 0,703138 0,186132
36 1690410028 0,435209 0,400000 0,434758 0,435660 0,075763
13 1690410028 1,700845 0,400000 1,614989 1,786702 1,160098
16 1690410028 0,668155 0,200000 0,668155 0,668155 0,089286
41 1690410028 0,231532 0,800000 0,222143 0,236839 0,042912
41 1690410029 0,231532 0,800000 0,222143 0,236839 0,042912
33 1690410029 0,681817 0,400000 0,660496 0,703138 0,186132
16 1690410029 0,668155 0,200000 0,668155 0,668155 0,089286
36 1690410029 0,435209 0,400000 0,434758 0,435660 0,075763
13 1690410029 1,700845 0,400000 1,614989 1,786702 1,160098
33 1690410030 0,681817 0,400000 0,660496 0,703138 0,186132
36 1690410030 0,435209 0,400000 0,434758 0,435660 0,075763
13 1690410030 1,700845 0,400000 1,614989 1,786702 1,160098
16 1690410030 0,668155 0,200000 0,668155 0,668155 0,089286
41 1690410030 0,231532 0,800000 0,222143 0,236839 0,042912
33 1690410031 0,681817 0,400000 0,660496 0,703138 0,186132
36 1690410031 0,435209 0,400000 0,434758 0,435660 0,075763
13 1690410031 1,700845 0,400000 1,614989 1,786702 1,160098
16 1690410031 0,668155 0,200000 0,668155 0,668155 0,089286
41 1690410031 0,231532 0,800000 0,222143 0,236839 0,042912
33 1690410032 0,924278 0,400000 0,678545 1,170012 0,365870
36 1690410032 0,368858 0,400000 0,363240 0,374475 0,054435
13 1690410032 2,603159 0,800000 1,585843 3,894276 6,238534
16 1690410032 0,655470 0,800000 0,612202 0,695322 0,344406
41 1690410032 0,229218 0,600000 0,226183 0,233199 0,031530
33 1690410033 0,924278 0,400000 0,678545 1,170012 0,365870
36 1690410033 0,368858 0,400000 0,363240 0,374475 0,054435
13 1690410033 2,603159 0,800000 1,585843 3,894276 6,238534
16 1690410033 0,655470 0,800000 0,612202 0,695322 0,344406
41 1690410033 0,229218 0,600000 0,226183 0,233199 0,031530
41 1690410034 0,229218 0,600000 0,226183 0,233199 0,031530
33 1690410034 0,924278 0,400000 0,678545 1,170012 0,365870
16 1690410034 0,655470 0,800000 0,612202 0,695322 0,344406
36 1690410034 0,368858 0,400000 0,363240 0,374475 0,054435
13 1690410034 2,603159 0,800000 1,585843 3,894276 6,238534
33 1690410035 0,924278 0,400000 0,678545 1,170012 0,365870
36 1690410035 0,368858 0,400000 0,363240 0,374475 0,054435
13 1690410035 2,603159 0,800000 1,585843 3,894276 6,238534
16 1690410035 0,655470 0,800000 0,612202 0,695322 0,344406
41 1690410035 0,229218 0,600000 0,226183 0,233199 0,031530
33 1690410036 0,924278 0,400000 0,678545 1,170012 0,365870
36 1690410036 0,368858 0,400000 0,363240 0,374475 0,054435
13 1690410036 2,603159 0,800000 1,585843 3,894276 6,238534
16 1690410036 0,655470 0,800000 0,612202 0,695322 0,344406
41 1690410036 0,229218 0,600000 0,226183 0,233199 0,031530
33 1690410037 0,635451 0,400000 0,633945 0,636957 0,161520
36 1690410037 0,376221 0,400000 0,364406 0,388036 0,056673
13 1690410037 1,488007 0,600000 1,359333 1,567865 1,333563
16 1690410037 0,757891 0,600000 0,727984 0,782022 0,344941
41 1690410037 0,230319 0,200000 0,230319 0,230319 0,010609
33 1690410038 0,635451 0,400000 0,633945 0,636957 0,161520
36 1690410038 0,376221 0,400000 0,364406 0,388036 0,056673
13 1690410038 1,488007 0,600000 1,359333 1,567865 1,333563
16 1690410038 0,757891 0,600000 0,727984 0,782022 0,344941
41 1690410038 0,230319 0,200000 0,230319 0,230319 0,010609
41 1690410039 0,230319 0,200000 0,230319 0,230319 0,010609
33 1690410039 0,635451 0,400000 0,633945 0,636957 0,161520
16 1690410039 0,757891 0,600000 0,727984 0,782022 0,344941
36 1690410039 0,376221 0,400000 0,364406 0,388036 0,056673
13 1690410039 1,488007 0,600000 1,359333 1,567865 1,333563
33 1690410040 0,635451 0,400000 0,633945 0,636957 0,161520
36 1690410040 0,376221 0,400000 0,364406 0,388036 0,056673
13 1690410040 1,488007 0,600000 1,359333 1,567865 1,333563
16 1690410040 0,757891 0,600000 0,727984 0,782022 0,344941
41 1690410040 0,230319 0,200000 0,230319 0,230319 0,010609
33 1690410041 0,635451 0,400000 0,633945 0,636957 0,161520
36 1690410041 0,376221 0,400000 0,364406 0,388036 0,056673
13 1690410041 1,488007 0,600000 1,359333 1,567865 1,333563
16 1690410041 0,757891 0,600000 0,727984 0,782022 0,344941
41 1690410041 0,230319 0,200000 0,230319 0,230319 0,010609
33 1690410042 0,679426 0,800000 0,672108 0,689235 0,369327
36 1690410042 0,374481 0,600000 0,373553 0,375825 0,084142
13 1690410042 1,805861 0,200000 1,805861 1,805861 0,652226
16 1690410042 2,134510 0,600000 0,682786 3,015425 3,375549
41 1690410042 0,222821 0,600000 0,215025 0,229071 0,029810
33 1690410043 0,679426 0,800000 0,672108 0,689235 0,369327
36 1690410043 0,374481 0,600000 0,373553 0,375825 0,084142
13 1690410043 1,805861 0,200000 1,805861 1,805861 0,652226
16 1690410043 2,134510 0,600000 0,682786 3,015425 3,375549
41 1690410043 0,222821 0,600000 0,215025 0,229071 0,029810
33 1690410044 0,679426 0,800000 0,672108 0,689235 0,369327
36 1690410044 0,374481 0,600000 0,373553 0,375825 0,084142
13 1690410044 1,805861 0,200000 1,805861 1,805861 0,652226
16 1690410044 2,134510 0,600000 0,682786 3,015425 3,375549
41 1690410044 0,222821 0,600000 0,215025 0,229071 0,029810
33 1690410045 0,679426 0,800000 0,672108 0,689235 0,369327
36 1690410045 0,374481 0,600000 0,373553 0,375825 0,084142
13 1690410045 1,805861 0,200000 1,805861 1,805861 0,652226
16 1690410045 2,134510 0,600000 0,682786 3,015425 3,375549
41 1690410045 0,222821 0,600000 0,215025 0,229071 0,029810
33 1690410046 0,679426 0,800000 0,672108 0,689235 0,369327
36 1690410046 0,374481 0,600000 0,373553 0,375825 0,084142
13 1690410046 1,805861 0,200000 1,805861 1,805861 0,652226
16 1690410046 2,134510 0,600000 0,682786 3,015425 3,375549
41 1690410046 0,222821 0,600000 0,215025 0,229071 0,029810
33 1690410047 0,670619 0,400000 0,652014 0,689223 0,180030
36 1690410047 0,390332 0,600000 0,367790 0,420361 0,091708
13 1690410047 1,653549 0,800000 1,495446 1,854958 2,205058
16 1690410047 0,669746 0,400000 0,640167 0,699326 0,179774
41 1690410047 0,240523 0,800000 0,224594 0,254145 0,046371
33 1690410048 0,670619 0,400000 0,652014 0,689223 0,180030
36 1690410048 0,390332 0,600000 0,367790 0,420361 0,091708
13 1690410048 1,653549 0,800000 1,495446 1,854958 2,205058
16 1690410048 0,669746 0,400000 0,640167 0,699326 0,179774
41 1690410048 0,240523 0,800000 0,224594 0,254145 0,046371
33 1690410049 0,670619 0,400000 0,652014 0,689223 0,180030
36 1690410049 0,390332 0,600000 0,367790 0,420361 0,091708
13 1690410049 1,653549 0,800000 1,495446 1,854958 2,205058
16 1690410049 0,669746 0,400000 0,640167 0,699326 0,179774
41 1690410049 0,240523 0,800000 0,224594 0,254145 0,046371
33 1690410050 0,670619 0,400000 0,652014 0,689223 0,180030
36 1690410050 0,390332 0,600000 0,367790 0,420361 0,091708
13 1690410050 1,653549 0,800000 1,495446 1,854958 2,205058
16 1690410050 0,669746 0,400000 0,640167 0,699326 0,179774
41 1690410050 0,240523 0,800000 0,224594 0,254145 0,046371
33 1690410051 0,670619 0,400000 0,652014 0,689223 0,180030
36 1690410051 0,390332 0,600000 0,367790 0,420361 0,091708
13 1690410051 1,653549 0,800000 1,495446 1,854958 2,205058
16 1690410051 0,669746 0,400000 0,640167 0,699326 0,179774
41 1690410051 0,240523 0,800000 0,224594 0,254145 0,046371
33 1690410052 0,658546 0,400000 0,652701 0,664391 0,173487
36 1690410052 0,387492 0,400000 0,387053 0,387931 0,060060
13 1690410052 1,579762 0,600000 1,480432 1,722972 1,503848
16 1690410052 0,614065 0,400000 0,612182 0,615948 0,150832
41 1690410052 0,220529 0,600000 0,210707 0,227026 0,029210
33 1690410053 0,658546 0,400000 0,652701 0,664391 0,173487
36 1690410053 0,387492 0,400000 0,387053 0,387931 0,060060
13 1690410053 1,579762 0,600000 1,480432 1,722972 1,503848
16 1690410053 0,614065 0,400000 0,612182 0,615948 0,150832
41 1690410053 0,220529 0,600000 0,210707 0,227026 0,029210
33 1690410054 0,658546 0,400000 0,652701 0,664391 0,173487
36 1690410054 0,387492 0,400000 0,387053 0,387931 0,060060
13 1690410054 1,579762 0,600000 1,480432 1,722972 1,503848
16 1690410054 0,614065 0,400000 0,612182 0,615948 0,150832
41 1690410054 0,220529 0,600000 0,210707 0,227026 0,029210
33 1690410055 0,658546 0,400000 0,652701 0,664391 0,173487
36 1690410055 0,387492 0,400000 0,387053 0,387931 0,060060
13 1690410055 1,579762 0,600000 1,480432 1,722972 1,503848
16 1690410055 0,614065 0,400000 0,612182 0,615948 0,150832
41 1690410055 0,220529 0,600000 0,210707 0,227026 0,029210
33 1690410056 0,658546 0,400000 0,652701 0,664391 0,173487
36 1690410056 0,387492 0,400000 0,387053 0,387931 0,060060
13 1690410056 1,579762 0,600000 1,480432 1,722972 1,503848
16 1690410056 0,614065 0,400000 0,612182 0,615948 0,150832
41 1690410056 0,220529 0,600000 0,210707 0,227026 0,029210
33 1690410057 0,866109 0,400000 0,663937 1,068281 0,316407
36 1690410057 0,420057 0,800000 0,364269 0,493811 0,143512
13 1690410057 1,608027 0,600000 1,407090 1,721568 1,563632
16 1690410057 0,846051 0,600000 0,800955 0,902047 0,430539
41 1690410057 0,216404 0,200000 0,216404 0,216404 0,009366
33 1690410058 0,866109 0,400000 0,663937 1,068281 0,316407
36 1690410058 0,420057 0,800000 0,364269 0,493811 0,143512
13 1690410058 1,608027 0,600000 1,407090 1,721568 1,563632
16 1690410058 0,846051 0,600000 0,800955 0,902047 0,430539
41 1690410058 0,216404 0,200000 0,216404 0,216404 0,009366
33 1690410059 0,866109 0,400000 0,663937 1,068281 0,316407
36 1690410059 0,420057 0,800000 0,364269 0,493811 0,143512
13 1690410059 1,608027 0,600000 1,407090 1,721568 1,563632
16 1690410059 0,846051 0,600000 0,800955 0,902047 0,430539
41 1690410059 0,216404 0,200000 0,216404 0,216404 0,009366
33 1690410060 0,866109 0,400000 0,663937 1,068281 0,316407
36 1690410060 0,420057 0,800000 0,364269 0,493811 0,143512
13 1690410060 1,608027 0,600000 1,407090 1,721568 1,563632
16 1690410060 0,846051 0,600000 0,800955 0,902047 0,430539
41 1690410060 0,216404 0,200000 0,216404 0,216404 0,009366
33 1690410061 0,866109 0,400000 0,663937 1,068281 0,316407
36 1690410061 0,420057 0,800000 0,364269 0,493811 0,143512
13 1690410061 1,608027 0,600000 1,407090 1,721568 1,563632
16 1690410061 0,846051 0,600000 0,800955 0,902047 0,430539
41 1690410061 0,216404 0,200000 0,216404 0,216404 0,009366
33 1690410062 0,635262 0,800000 0,626496 0,642301 0,322876
36 1690410062 0,397037 0,400000 0,387575 0,406500 0,063091
13 1690410062 1,846402 0,200000 1,846402 1,846402 0,681840
16 1690410062 0,653087 0,600000 0,648859 0,660125 0,255929
41 1690410062 0,219939 0,600000 0,212064 0,231427 0,029065
33 1690410063 0,635262 0,800000 0,626496 0,642301 0,322876
36 1690410063 0,397037 0,400000 0,387575 0,406500 0,063091
13 1690410063 1,846402 0,200000 1,846402 1,846402 0,681840
16 1690410063 0,653087 0,600000 0,648859 0,660125 0,255929
41 1690410063 0,219939 0,600000 0,212064 0,231427 0,029065
33 1690410064 0,635262 0,800000 0,626496 0,642301 0,322876
36 1690410064 0,397037 0,400000 0,387575 0,406500 0,063091
13 1690410064 1,846402 0,200000 1,846402 1,846402 0,681840
16 1690410064 0,653087 0,600000 0,648859 0,660125 0,255929
41 1690410064 0,219939 0,600000 0,212064 0,231427 0,029065
33 1690410065 0,635262 0,800000 0,626496 0,642301 0,322876
36 1690410065 0,397037 0,400000 0,387575 0,406500 0,063091
13 1690410065 1,846402 0,200000 1,846402 1,846402 0,681840
16 1690410065 0,653087 0,600000 0,648859 0,660125 0,255929
41 1690410065 0,219939 0,600000 0,212064 0,231427 0,029065
33 1690410066 0,635262 0,800000 0,626496 0,642301 0,322876
36 1690410066 0,397037 0,400000 0,387575 0,406500 0,063091
13 1690410066 1,846402 0,200000 1,846402 1,846402 0,681840
16 1690410066 0,653087 0,600000 0,648859 0,660125 0,255929
41 1690410066 0,219939 0,600000 0,212064 0,231427 0,029065
33 1690410067 0,658547 0,600000 0,631332 0,679822 0,260456
36 1690410067 0,371535 0,400000 0,370513 0,372558 0,055216
13 1690410067 1,601801 0,600000 1,472847 1,844686 1,557180
16 1690410067 0,847545 0,400000 0,665120 1,029970 0,300644
41 1690410067 0,220710 0,600000 0,214345 0,232782 0,029272
33 1690410068 0,658547 0,600000 0,631332 0,679822 0,260456
36 1690410068 0,371535 0,400000 0,370513 0,372558 0,055216
13 1690410068 1,601801 0,600000 1,472847 1,844686 1,557180
16 1690410068 0,847545 0,400000 0,665120 1,029970 0,300644
41 1690410068 0,220710 0,600000 0,214345 0,232782 0,029272
33 1690410069 0,658547 0,600000 0,631332 0,679822 0,260456
36 1690410069 0,371535 0,400000 0,370513 0,372558 0,055216
13 1690410069 1,601801 0,600000 1,472847 1,844686 1,557180
16 1690410069 0,847545 0,400000 0,665120 1,029970 0,300644
41 1690410069 0,220710 0,600000 0,214345 0,232782 0,029272
33 1690410070 0,658547 0,600000 0,631332 0,679822 0,260456
36 1690410070 0,371535 0,400000 0,370513 0,372558 0,055216
13 1690410070 1,601801 0,600000 1,472847 1,844686 1,557180
16 1690410070 0,847545 0,400000 0,665120 1,029970 0,300644
41 1690410070 0,220710 0,600000 0,214345 0,232782 0,029272
33 1690410071 0,658547 0,600000 0,631332 0,679822 0,260456
36 1690410071 0,371535 0,400000 0,370513 0,372558 0,055216
13 1690410071 1,601801 0,600000 1,472847 1,844686 1,557180
16 1690410071 0,847545 0,400000 0,665120 1,029970 0,300644
41 1690410071 0,220710 0,600000 0,214345 0,232782 0,029272
33 1690410072 0,683316 0,400000 0,678640 0,687993 0,186777
36 1690410072 0,380186 0,400000 0,371109 0,389263 0,057850
13 1690410072 1,628530 0,800000 1,360204 1,830313 2,151382
16 1690410072 0,690970 0,600000 0,647543 0,743916 0,287420
41 1690410072 0,223812 0,600000 0,209618 0,235846 0,030125
33 1690410073 0,683316 0,400000 0,678640 0,687993 0,186777
36 1690410073 0,380186 0,400000 0,371109 0,389263 0,057850
13 1690410073 1,628530 0,800000 1,360204 1,830313 2,151382
16 1690410073 0,690970 0,600000 0,647543 0,743916 0,287420
41 1690410073 0,223812 0,600000 0,209618 0,235846 0,030125
33 1690410074 0,683316 0,400000 0,678640 0,687993 0,186777
36 1690410074 0,380186 0,400000 0,371109 0,389263 0,057850
13 1690410074 1,628530 0,800000 1,360204 1,830313 2,151382
16 1690410074 0,690970 0,600000 0,647543 0,743916 0,287420
41 1690410074 0,223812 0,600000 0,209618 0,235846 0,030125
33 1690410075 0,683316 0,400000 0,678640 0,687993 0,186777
36 1690410075 0,380186 0,400000 0,371109 0,389263 0,057850
13 1690410075 1,628530 0,800000 1,360204 1,830313 2,151382
16 1690410075 0,690970 0,600000 0,647543 0,743916 0,287420
41 1690410075 0,223812 0,600000 0,209618 0,235846 0,030125
33 1690410076 0,683316 0,400000 0,678640 0,687993 0,186777
36 1690410076 0,380186 0,400000 0,371109 0,389263 0,057850
13 1690410076 1,628530 0,800000 1,360204 1,830313 2,151382
16 1690410076 0,690970 0,600000 0,647543 0,743916 0,287420
41 1690410076 0,223812 0,600000 0,209618 0,235846 0,030125
33 1690410077 0,688055 0,600000 0,635952 0,747554 0,285314
36 1690410077 0,385758 0,800000 0,363761 0,399044 0,119188
13 1690410077 1,655398 0,400000 1,521465 1,789330 1,103312
16 1690410077 0,685148 0,600000 0,654343 0,745895 0,282764
41 1690410077 0,224494 0,400000 0,219200 0,229789 0,020170
33 1690410078 0,688055 0,600000 0,635952 0,747554 0,285314
36 1690410078 0,385758 0,800000 0,363761 0,399044 0,119188
13 1690410078 1,655398 0,400000 1,521465 1,789330 1,103312
16 1690410078 0,685148 0,600000 0,654343 0,745895 0,282764
41 1690410078 0,224494 0,400000 0,219200 0,229789 0,020170
33 1690410079 0,688055 0,600000 0,635952 0,747554 0,285314
36 1690410079 0,385758 0,800000 0,363761 0,399044 0,119188
13 1690410079 1,655398 0,400000 1,521465 1,789330 1,103312
16 1690410079 0,685148 0,600000 0,654343 0,745895 0,282764
41 1690410079 0,224494 0,400000 0,219200 0,229789 0,020170
33 1690410080 0,688055 0,600000 0,635952 0,747554 0,285314
36 1690410080 0,385758 0,800000 0,363761 0,399044 0,119188
13 1690410080 1,655398 0,400000 1,521465 1,789330 1,103312
16 1690410080 0,685148 0,600000 0,654343 0,745895 0,282764
41 1690410080 0,224494 0,400000 0,219200 0,229789 0,020170
33 1690410081 0,688055 0,600000 0,635952 0,747554 0,285314
36 1690410081 0,385758 0,800000 0,363761 0,399044 0,119188
13 1690410081 1,655398 0,400000 1,521465 1,789330 1,103312
16 1690410081 0,685148 0,600000 0,654343 0,745895 0,282764
41 1690410081 0,224494 0,400000 0,219200 0,229789 0,020170
33 1690410082 0,655087 0,600000 0,630506 0,671131 0,257670
36 1690410082 0,382388 0,600000 0,372492 0,390525 0,087766
13 1690410082 1,656916 0,400000 1,547384 1,766449 1,102948
16 1690410082 0,645294 0,400000 0,617325 0,673264 0,166875
41 1690410082 0,223168 0,600000 0,209309 0,232227 0,029942
33 1690410083 0,655087 0,600000 0,630506 0,671131 0,257670
36 1690410083 0,382388 0,600000 0,372492 0,390525 0,087766
13 1690410083 1,656916 0,400000 1,547384 1,766449 1,102948
16 1690410083 0,645294 0,400000 0,617325 0,673264 0,166875
41 1690410083 0,223168 0,600000 0,209309 0,232227 0,029942
41 1690410084 0,223168 0,600000 0,209309 0,232227 0,029942
33 1690410084 0,655087 0,600000 0,630506 0,671131 0,257670
16 1690410084 0,645294 0,400000 0,617325 0,673264 0,166875
36 1690410084 0,382388 0,600000 0,372492 0,390525 0,087766
13 1690410084 1,656916 0,400000 1,547384 1,766449 1,102948
33 1690410085 0,655087 0,600000 0,630506 0,671131 0,257670
36 1690410085 0,382388 0,600000 0,372492 0,390525 0,087766
13 1690410085 1,656916 0,400000 1,547384 1,766449 1,102948
16 1690410085 0,645294 0,400000 0,617325 0,673264 0,166875
41 1690410085 0,223168 0,600000 0,209309 0,232227 0,029942
33 1690410086 0,655087 0,600000 0,630506 0,671131 0,257670
36 1690410086 0,382388 0,600000 0,372492 0,390525 0,087766
13 1690410086 1,656916 0,400000 1,547384 1,766449 1,102948
16 1690410086 0,645294 0,400000 0,617325 0,673264 0,166875
41 1690410086 0,223168 0,600000 0,209309 0,232227 0,029942
33 1690410087 0,654618 0,600000 0,642337 0,671329 0,257205
36 1690410087 0,362439 0,400000 0,357724 0,367154 0,052554
13 1690410087 1,720568 0,600000 1,584689 1,828581 1,782394
16 1690410087 0,756435 0,400000 0,716066 0,796804 0,229529
41 1690410087 0,234459 0,600000 0,232841 0,237242 0,032985
33 1690410088 0,654618 0,600000 0,642337 0,671329 0,257205
36 1690410088 0,362439 0,400000 0,357724 0,367154 0,052554
13 1690410088 1,720568 0,600000 1,584689 1,828581 1,782394
16 1690410088 0,756435 0,400000 0,716066 0,796804 0,229529
41 1690410088 0,234459 0,600000 0,232841 0,237242 0,032985
41 1690410089 0,234459 0,600000 0,232841 0,237242 0,032985
33 1690410089 0,654618 0,600000 0,642337 0,671329 0,257205
16 1690410089 0,756435 0,400000 0,716066 0,796804 0,229529
36 1690410089 0,362439 0,400000 0,357724 0,367154 0,052554
13 1690410089 1,720568 0,600000 1,584689 1,828581 1,782394
33 1690410090 0,654618 0,600000 0,642337 0,671329 0,257205
36 1690410090 0,362439 0,400000 0,357724 0,367154 0,052554
13 1690410090 1,720568 0,600000 1,584689 1,828581 1,782394
16 1690410090 0,756435 0,400000 0,716066 0,796804 0,229529
41 1690410090 0,234459 0,600000 0,232841 0,237242 0,032985
33 1690410091 0,654618 0,600000 0,642337 0,671329 0,257205
36 1690410091 0,362439 0,400000 0,357724 0,367154 0,052554
13 1690410091 1,720568 0,600000 1,584689 1,828581 1,782394
16 1690410091 0,756435 0,400000 0,716066 0,796804 0,229529
41 1690410091 0,234459 0,600000 0,232841 0,237242 0,032985
33 1690410092 0,671742 0,400000 0,621175 0,722310 0,181518
36 1690410092 0,377062 0,600000 0,352941 0,403950 0,085568
13 1690410092 1,718890 0,600000 1,593820 1,836516 1,778657
16 1690410092 0,680902 0,800000 0,635060 0,782891 0,373727
41 1690410092 0,216481 0,400000 0,210640 0,222322 0,018759
33 1690410093 0,671742 0,400000 0,621175 0,722310 0,181518
36 1690410093 0,377062 0,600000 0,352941 0,403950 0,085568
13 1690410093 1,718890 0,600000 1,593820 1,836516 1,778657
16 1690410093 0,680902 0,800000 0,635060 0,782891 0,373727
41 1690410093 0,216481 0,400000 0,210640 0,222322 0,018759
41 1690410094 0,216481 0,400000 0,210640 0,222322 0,018759
33 1690410094 0,671742 0,400000 0,621175 0,722310 0,181518
16 1690410094 0,680902 0,800000 0,635060 0,782891 0,373727
36 1690410094 0,377062 0,600000 0,352941 0,403950 0,085568
13 1690410094 1,718890 0,600000 1,593820 1,836516 1,778657
33 1690410095 0,671742 0,400000 0,621175 0,722310 0,181518
36 1690410095 0,377062 0,600000 0,352941 0,403950 0,085568
13 1690410095 1,718890 0,600000 1,593820 1,836516 1,778657
16 1690410095 0,680902 0,800000 0,635060 0,782891 0,373727
41 1690410095 0,216481 0,400000 0,210640 0,222322 0,018759
33 1690410096 0,671742 0,400000 0,621175 0,722310 0,181518
36 1690410096 0,377062 0,600000 0,352941 0,403950 0,085568
13 1690410096 1,718890 0,600000 1,593820 1,836516 1,778657
16 1690410096 0,680902 0,800000 0,635060 0,782891 0,373727
41 1690410096 0,216481 0,400000 0,210640 0,222322 0,018759
33 1690410097 0,664413 0,400000 0,637548 0,691278 0,176867
36 1690410097 0,416562 0,600000 0,385807 0,473887 0,105102
13 1690410097 1,622883 0,400000 1,498006 1,747760 1,059737
16 1690410097 0,679924 0,600000 0,614781 0,724570 0,278709
41 1690410097 0,222131 0,400000 0,214717 0,229546 0,019759
33 1690410098 0,664413 0,400000 0,637548 0,691278 0,176867
36 1690410098 0,416562 0,600000 0,385807 0,473887 0,105102
13 1690410098 1,622883 0,400000 1,498006 1,747760 1,059737
16 1690410098 0,679924 0,600000 0,614781 0,724570 0,278709
41 1690410098 0,222131 0,400000 0,214717 0,229546 0,019759
41 1690410099 0,222131 0,400000 0,214717 0,229546 0,019759
33 1690410099 0,664413 0,400000 0,637548 0,691278 0,176867
16 1690410099 0,679924 0,600000 0,614781 0,724570 0,278709
36 1690410099 0,416562 0,600000 0,385807 0,473887 0,105102
13 1690410099 1,622883 0,400000 1,498006 1,747760 1,059737
33 1690410100 0,664413 0,400000 0,637548 0,691278 0,176867
36 1690410100 0,416562 0,600000 0,385807 0,473887 0,105102
13 1690410100 1,622883 0,400000 1,498006 1,747760 1,059737
16 1690410100 0,679924 0,600000 0,614781 0,724570 0,278709
41 1690410100 0,222131 0,400000 0,214717 0,229546 0,019759
33 1690410101 0,664413 0,400000 0,637548 0,691278 0,176867
36 1690410101 0,416562 0,600000 0,385807 0,473887 0,105102
13 1690410101 1,622883 0,400000 1,498006 1,747760 1,059737
16 1690410101 0,679924 0,600000 0,614781 0,724570 0,278709
41 1690410101 0,222131 0,400000 0,214717 0,229546 0,019759
33 1690410102 0,690464 0,800000 0,670525 0,720810 0,381710
33 1690410103 0,690464 0,800000 0,670525 0,720810 0,381710
36 1690410102 0,375216 0,600000 0,360037 0,390810 0,084567
36 1690410103 0,375216 0,600000 0,360037 0,390810 0,084567
13 1690410102 1,725310 0,400000 1,571073 1,879546 1,200193
13 1690410103 1,725310 0,400000 1,571073 1,879546 1,200193
16 1690410102 0,614800 0,200000 0,614800 0,614800 0,075596
16 1690410103 0,614800 0,200000 0,614800 0,614800 0,075596
41 1690410102 0,275926 0,800000 0,226905 0,392101 0,064605
41 1690410103 0,275926 0,800000 0,226905 0,392101 0,064605
33 1690410104 0,690464 0,800000 0,670525 0,720810 0,381710
36 1690410104 0,375216 0,600000 0,360037 0,390810 0,084567
13 1690410104 1,725310 0,400000 1,571073 1,879546 1,200193
16 1690410104 0,614800 0,200000 0,614800 0,614800 0,075596
41 1690410104 0,275926 0,800000 0,226905 0,392101 0,064605
33 1690410105 0,690464 0,800000 0,670525 0,720810 0,381710
36 1690410105 0,375216 0,600000 0,360037 0,390810 0,084567
13 1690410105 1,725310 0,400000 1,571073 1,879546 1,200193
16 1690410105 0,614800 0,200000 0,614800 0,614800 0,075596
41 1690410105 0,275926 0,800000 0,226905 0,392101 0,064605
33 1690410106 0,690464 0,800000 0,670525 0,720810 0,381710
36 1690410106 0,375216 0,600000 0,360037 0,390810 0,084567
13 1690410106 1,725310 0,400000 1,571073 1,879546 1,200193
16 1690410106 0,614800 0,200000 0,614800 0,614800 0,075596
41 1690410106 0,275926 0,800000 0,226905 0,392101 0,064605
33 1690410107 0,635157 0,400000 0,635015 0,635300 0,161370
36 1690410107 0,366913 0,200000 0,366913 0,366913 0,026925
13 1690410107 1,690775 0,800000 1,494831 1,949767 2,309716
16 1690410107 0,737935 0,800000 0,639881 0,795154 0,438448
41 1690410107 0,222595 0,600000 0,214659 0,227821 0,029749
33 1690410108 0,635157 0,400000 0,635015 0,635300 0,161370
36 1690410108 0,366913 0,200000 0,366913 0,366913 0,026925
13 1690410108 1,690775 0,800000 1,494831 1,949767 2,309716
16 1690410108 0,737935 0,800000 0,639881 0,795154 0,438448
41 1690410108 0,222595 0,600000 0,214659 0,227821 0,029749
33 1690410109 0,635157 0,400000 0,635015 0,635300 0,161370
36 1690410109 0,366913 0,200000 0,366913 0,366913 0,026925
13 1690410109 1,690775 0,800000 1,494831 1,949767 2,309716
16 1690410109 0,737935 0,800000 0,639881 0,795154 0,438448
41 1690410109 0,222595 0,600000 0,214659 0,227821 0,029749
33 1690410110 0,635157 0,400000 0,635015 0,635300 0,161370
36 1690410110 0,366913 0,200000 0,366913 0,366913 0,026925
13 1690410110 1,690775 0,800000 1,494831 1,949767 2,309716
16 1690410110 0,737935 0,800000 0,639881 0,795154 0,438448
41 1690410110 0,222595 0,600000 0,214659 0,227821 0,029749
33 1690410111 0,635157 0,400000 0,635015 0,635300 0,161370
36 1690410111 0,366913 0,200000 0,366913 0,366913 0,026925
13 1690410111 1,690775 0,800000 1,494831 1,949767 2,309716
16 1690410111 0,737935 0,800000 0,639881 0,795154 0,438448
41 1690410111 0,222595 0,600000 0,214659 0,227821 0,029749
33 1690410112 0,561289 0,400000 0,451493 0,671085 0,130840
36 1690410112 0,398995 0,600000 0,377484 0,420454 0,095703
13 1690410112 1,817041 0,600000 1,503987 2,275135 2,046762
16 1690410112 0,649922 0,600000 0,616926 0,700936 0,254243
41 1690410112 0,210263 0,200000 0,210263 0,210263 0,008842
33 1690410113 0,561289 0,400000 0,451493 0,671085 0,130840
36 1690410113 0,398995 0,600000 0,377484 0,420454 0,095703
13 1690410113 1,817041 0,600000 1,503987 2,275135 2,046762
16 1690410113 0,649922 0,600000 0,616926 0,700936 0,254243
41 1690410113 0,210263 0,200000 0,210263 0,210263 0,008842
33 1690410114 0,561289 0,400000 0,451493 0,671085 0,130840
36 1690410114 0,398995 0,600000 0,377484 0,420454 0,095703
13 1690410114 1,817041 0,600000 1,503987 2,275135 2,046762
16 1690410114 0,649922 0,600000 0,616926 0,700936 0,254243
41 1690410114 0,210263 0,200000 0,210263 0,210263 0,008842
33 1690410115 0,561289 0,400000 0,451493 0,671085 0,130840
36 1690410115 0,398995 0,600000 0,377484 0,420454 0,095703
13 1690410115 1,817041 0,600000 1,503987 2,275135 2,046762
16 1690410115 0,649922 0,600000 0,616926 0,700936 0,254243
41 1690410115 0,210263 0,200000 0,210263 0,210263 0,008842
33 1690410116 0,561289 0,400000 0,451493 0,671085 0,130840
36 1690410116 0,398995 0,600000 0,377484 0,420454 0,095703
13 1690410116 1,817041 0,600000 1,503987 2,275135 2,046762
16 1690410116 0,649922 0,600000 0,616926 0,700936 0,254243
41 1690410116 0,210263 0,200000 0,210263 0,210263 0,008842
33 1690410117 0,654286 0,600000 0,639488 0,673050 0,256971
36 1690410117 0,433175 0,800000 0,374652 0,590367 0,156717
13 1690410117 1,597897 0,400000 1,578282 1,617512 1,021464
16 1690410117 0,706851 0,600000 0,641837 0,784961 0,301883
41 1690410117 0,224522 0,800000 0,213135 0,231014 0,040365
33 1690410118 0,654286 0,600000 0,639488 0,673050 0,256971
36 1690410118 0,433175 0,800000 0,374652 0,590367 0,156717
13 1690410118 1,597897 0,400000 1,578282 1,617512 1,021464
16 1690410118 0,706851 0,600000 0,641837 0,784961 0,301883
41 1690410118 0,224522 0,800000 0,213135 0,231014 0,040365
33 1690410119 0,654286 0,600000 0,639488 0,673050 0,256971
36 1690410119 0,433175 0,800000 0,374652 0,590367 0,156717
13 1690410119 1,597897 0,400000 1,578282 1,617512 1,021464
16 1690410119 0,706851 0,600000 0,641837 0,784961 0,301883
41 1690410119 0,224522 0,800000 0,213135 0,231014 0,040365
33 1690410120 0,654286 0,600000 0,639488 0,673050 0,256971
36 1690410120 0,433175 0,800000 0,374652 0,590367 0,156717
13 1690410120 1,597897 0,400000 1,578282 1,617512 1,021464
16 1690410120 0,706851 0,600000 0,641837 0,784961 0,301883
41 1690410120 0,224522 0,800000 0,213135 0,231014 0,040365
33 1690410121 0,654286 0,600000 0,639488 0,673050 0,256971
36 1690410121 0,433175 0,800000 0,374652 0,590367 0,156717
13 1690410121 1,597897 0,400000 1,578282 1,617512 1,021464
16 1690410121 0,706851 0,600000 0,641837 0,784961 0,301883
41 1690410121 0,224522 0,800000 0,213135 0,231014 0,040365
33 1690410122 0,815614 0,800000 0,635832 1,296048 0,593920
36 1690410122 0,478931 0,400000 0,365883 0,591979 0,096862
13 1690410122 1,618682 0,600000 1,419683 1,867383 1,592864
16 1690410122 0,764989 0,200000 0,764989 0,764989 0,117042
41 1690410122 0,256721 0,400000 0,220245 0,293198 0,026895
33 1690410123 0,815614 0,800000 0,635832 1,296048 0,593920
36 1690410123 0,478931 0,400000 0,365883 0,591979 0,096862
13 1690410123 1,618682 0,600000 1,419683 1,867383 1,592864
16 1690410123 0,764989 0,200000 0,764989 0,764989 0,117042
41 1690410123 0,256721 0,400000 0,220245 0,293198 0,026895
33 1690410124 0,815614 0,800000 0,635832 1,296048 0,593920
36 1690410124 0,478931 0,400000 0,365883 0,591979 0,096862
13 1690410124 1,618682 0,600000 1,419683 1,867383 1,592864
16 1690410124 0,764989 0,200000 0,764989 0,764989 0,117042
41 1690410124 0,256721 0,400000 0,220245 0,293198 0,026895
33 1690410125 0,815614 0,800000 0,635832 1,296048 0,593920
36 1690410125 0,478931 0,400000 0,365883 0,591979 0,096862
13 1690410125 1,618682 0,600000 1,419683 1,867383 1,592864
16 1690410125 0,764989 0,200000 0,764989 0,764989 0,117042
41 1690410125 0,256721 0,400000 0,220245 0,293198 0,026895
33 1690410126 0,815614 0,800000 0,635832 1,296048 0,593920
36 1690410126 0,478931 0,400000 0,365883 0,591979 0,096862
13 1690410126 1,618682 0,600000 1,419683 1,867383 1,592864
16 1690410126 0,764989 0,200000 0,764989 0,764989 0,117042
41 1690410126 0,256721 0,400000 0,220245 0,293198 0,026895
41 1690410127 0,226538 0,800000 0,221766 0,228729 0,041062
41 1690410128 0,226538 0,800000 0,221766 0,228729 0,041062
33 1690410127 0,659928 0,200000 0,659928 0,659928 0,087101
36 1690410127 0,663931 0,400000 0,372633 0,955230 0,210264
13 1690410127 2,503815 0,400000 1,623656 3,383974 2,817508
16 1690410127 1,073665 0,600000 0,664158 1,780768 0,842904
16 1690410181 0,661445 0,200000 0,661445 0,661445 0,087502
16 1690410180 0,661445 0,200000 0,661445 0,661445 0,087502
16 1690410179 0,661445 0,200000 0,661445 0,661445 0,087502
16 1690410178 0,661445 0,200000 0,661445 0,661445 0,087502
16 1690410177 0,661445 0,200000 0,661445 0,661445 0,087502
16 1690410176 0,664920 0,600000 0,613877 0,746046 0,267290
16 1690410175 0,664920 0,600000 0,613877 0,746046 0,267290
16 1690410174 0,664920 0,600000 0,613877 0,746046 0,267290
16 1690410173 0,664920 0,600000 0,613877 0,746046 0,267290
16 1690410172 0,664920 0,600000 0,613877 0,746046 0,267290
16 1690410171 0,722960 0,800000 0,613312 0,785126 0,422079
16 1690410170 0,722960 0,800000 0,613312 0,785126 0,422079
16 1690410169 0,722960 0,800000 0,613312 0,785126 0,422079
16 1690410168 0,722960 0,800000 0,613312 0,785126 0,422079
16 1690410167 0,722960 0,800000 0,613312 0,785126 0,422079
16 1690410166 0,777845 0,400000 0,758386 0,797304 0,242168
16 1690410165 0,777845 0,400000 0,758386 0,797304 0,242168
16 1690410164 0,777845 0,400000 0,758386 0,797304 0,242168
16 1690410163 0,777845 0,400000 0,758386 0,797304 0,242168
16 1690410162 0,777845 0,400000 0,758386 0,797304 0,242168
16 1690410161 0,698234 0,200000 0,698234 0,698234 0,097506
16 1690410160 0,698234 0,200000 0,698234 0,698234 0,097506
16 1690410159 0,698234 0,200000 0,698234 0,698234 0,097506
16 1690410158 0,698234 0,200000 0,698234 0,698234 0,097506
16 1690410157 0,698234 0,200000 0,698234 0,698234 0,097506
16 1690410156 0,662577 1,000000 0,622105 0,742470 0,440735
16 1690410155 0,662577 1,000000 0,622105 0,742470 0,440735
16 1690410154 0,662577 1,000000 0,622105 0,742470 0,440735
16 1690410153 0,662577 1,000000 0,622105 0,742470 0,440735
16 1690410152 0,662577 1,000000 0,622105 0,742470 0,440735
16 1690410151 0,809436 0,400000 0,651971 0,966901 0,271993
16 1690410150 0,809436 0,400000 0,651971 0,966901 0,271993
16 1690410149 0,809436 0,400000 0,651971 0,966901 0,271993
16 1690410148 0,809436 0,400000 0,651971 0,966901 0,271993
16 1690410147 0,809436 0,400000 0,651971 0,966901 0,271993
16 1690410146 0,816131 0,400000 0,703078 0,929184 0,271540
16 1690410145 0,816131 0,400000 0,703078 0,929184 0,271540
16 1690410144 0,816131 0,400000 0,703078 0,929184 0,271540
16 1690410143 0,816131 0,400000 0,703078 0,929184 0,271540
16 1690410142 0,816131 0,400000 0,703078 0,929184 0,271540
16 1690410141 0,689811 0,600000 0,640997 0,758273 0,286995
16 1690410140 0,689811 0,600000 0,640997 0,758273 0,286995
16 1690410139 0,689811 0,600000 0,640997 0,758273 0,286995
16 1690410138 0,689811 0,600000 0,640997 0,758273 0,286995
16 1690410137 0,689811 0,600000 0,640997 0,758273 0,286995
16 1690410136 0,730495 0,600000 0,679750 0,767609 0,321001
16 1690410135 0,730495 0,600000 0,679750 0,767609 0,321001
16 1690410134 0,730495 0,600000 0,679750 0,767609 0,321001
16 1690410133 0,730495 0,600000 0,679750 0,767609 0,321001
16 1690410132 0,730495 0,600000 0,679750 0,767609 0,321001
16 1690410131 1,073665 0,600000 0,664158 1,780768 0,842904
16 1690410130 1,073665 0,600000 0,664158 1,780768 0,842904
16 1690410129 1,073665 0,600000 0,664158 1,780768 0,842904
16 1690410128 1,073665 0,600000 0,664158 1,780768 0,842904
36 1690410181 0,389788 0,600000 0,388386 0,392354 0,091163
36 1690410180 0,389788 0,600000 0,388386 0,392354 0,091163
36 1690410179 0,389788 0,600000 0,388386 0,392354 0,091163
36 1690410178 0,389788 0,600000 0,388386 0,392354 0,091163
36 1690410177 0,389788 0,600000 0,388386 0,392354 0,091163
36 1690410176 0,378379 0,800000 0,357595 0,420494 0,115038
36 1690410175 0,378379 0,800000 0,357595 0,420494 0,115038
36 1690410174 0,378379 0,800000 0,357595 0,420494 0,115038
36 1690410173 0,378379 0,800000 0,357595 0,420494 0,115038
36 1690410172 0,378379 0,800000 0,357595 0,420494 0,115038
36 1690410171 0,399419 0,600000 0,365955 0,458062 0,096760
36 1690410170 0,399419 0,600000 0,365955 0,458062 0,096760
36 1690410169 0,399419 0,600000 0,365955 0,458062 0,096760
36 1690410168 0,399419 0,600000 0,365955 0,458062 0,096760
36 1690410167 0,399419 0,600000 0,365955 0,458062 0,096760
36 1690410166 0,637727 0,200000 0,637727 0,637727 0,081339
36 1690410165 0,637727 0,200000 0,637727 0,637727 0,081339
36 1690410164 0,637727 0,200000 0,637727 0,637727 0,081339
36 1690410163 0,637727 0,200000 0,637727 0,637727 0,081339
36 1690410162 0,637727 0,200000 0,637727 0,637727 0,081339
36 1690410161 0,371069 0,600000 0,357417 0,385196 0,082692
36 1690410160 0,371069 0,600000 0,357417 0,385196 0,082692
36 1690410159 0,371069 0,600000 0,357417 0,385196 0,082692
36 1690410158 0,371069 0,600000 0,357417 0,385196 0,082692
36 1690410157 0,371069 0,600000 0,357417 0,385196 0,082692
36 1690410156 0,371639 0,600000 0,352414 0,387989 0,082998
36 1690410155 0,371639 0,600000 0,352414 0,387989 0,082998
36 1690410154 0,371639 0,600000 0,352414 0,387989 0,082998
36 1690410153 0,371639 0,600000 0,352414 0,387989 0,082998
36 1690410152 0,371639 0,600000 0,352414 0,387989 0,082998
36 1690410151 0,426143 0,600000 0,410326 0,453154 0,109180
36 1690410150 0,426143 0,600000 0,410326 0,453154 0,109180
36 1690410149 0,426143 0,600000 0,410326 0,453154 0,109180
36 1690410148 0,426143 0,600000 0,410326 0,453154 0,109180
36 1690410147 0,426143 0,600000 0,410326 0,453154 0,109180
36 1690410146 0,374022 0,200000 0,374022 0,374022 0,027979
36 1690410145 0,374022 0,200000 0,374022 0,374022 0,027979
36 1690410144 0,374022 0,200000 0,374022 0,374022 0,027979
36 1690410143 0,374022 0,200000 0,374022 0,374022 0,027979
36 1690410142 0,374022 0,200000 0,374022 0,374022 0,027979
36 1690410141 0,416337 1,000000 0,371259 0,466456 0,174968
36 1690410140 0,416337 1,000000 0,371259 0,466456 0,174968
36 1690410139 0,416337 1,000000 0,371259 0,466456 0,174968
36 1690410138 0,416337 1,000000 0,371259 0,466456 0,174968
36 1690410137 0,416337 1,000000 0,371259 0,466456 0,174968
36 1690410136 0,371382 0,400000 0,363225 0,379540 0,055197
36 1690410135 0,371382 0,400000 0,363225 0,379540 0,055197
36 1690410134 0,371382 0,400000 0,363225 0,379540 0,055197
36 1690410133 0,371382 0,400000 0,363225 0,379540 0,055197
36 1690410132 0,371382 0,400000 0,363225 0,379540 0,055197
36 1690410131 0,663931 0,400000 0,372633 0,955230 0,210264
36 1690410130 0,663931 0,400000 0,372633 0,955230 0,210264
36 1690410129 0,663931 0,400000 0,372633 0,955230 0,210264
36 1690410128 0,663931 0,400000 0,372633 0,955230 0,210264
41 1690410191 0,234267 0,200000 0,234267 0,234267 0,010976
41 1690410190 0,234267 0,200000 0,234267 0,234267 0,010976
41 1690410189 0,234267 0,200000 0,234267 0,234267 0,010976
41 1690410188 0,234267 0,200000 0,234267 0,234267 0,010976
41 1690410187 0,234267 0,200000 0,234267 0,234267 0,010976
41 1690410186 0,228922 0,800000 0,215502 0,237420 0,041989
41 1690410185 0,228922 0,800000 0,215502 0,237420 0,041989
41 1690410184 0,228922 0,800000 0,215502 0,237420 0,041989
41 1690410183 0,228922 0,800000 0,215502 0,237420 0,041989
41 1690410182 0,228922 0,800000 0,215502 0,237420 0,041989
41 1690410181 0,307228 0,600000 0,214189 0,490473 0,066708
41 1690410180 0,307228 0,600000 0,214189 0,490473 0,066708
41 1690410179 0,307228 0,600000 0,214189 0,490473 0,066708
41 1690410178 0,307228 0,600000 0,214189 0,490473 0,066708
41 1690410177 0,307228 0,600000 0,214189 0,490473 0,066708
41 1690410176 0,225815 0,400000 0,223439 0,228192 0,020399
41 1690410175 0,225815 0,400000 0,223439 0,228192 0,020399
41 1690410174 0,225815 0,400000 0,223439 0,228192 0,020399
41 1690410173 0,225815 0,400000 0,223439 0,228192 0,020399
41 1690410172 0,225815 0,400000 0,223439 0,228192 0,020399
41 1690410171 0,222841 0,200000 0,222841 0,222841 0,009932
41 1690410170 0,222841 0,200000 0,222841 0,222841 0,009932
41 1690410169 0,222841 0,200000 0,222841 0,222841 0,009932
41 1690410168 0,222841 0,200000 0,222841 0,222841 0,009932
41 1690410167 0,222841 0,200000 0,222841 0,222841 0,009932
41 1690410166 0,218479 1,000000 0,210608 0,230785 0,047792
41 1690410165 0,218479 1,000000 0,210608 0,230785 0,047792
41 1690410164 0,218479 1,000000 0,210608 0,230785 0,047792
41 1690410163 0,218479 1,000000 0,210608 0,230785 0,047792
41 1690410162 0,218479 1,000000 0,210608 0,230785 0,047792
41 1690410161 0,238877 0,400000 0,235872 0,241882 0,022829
41 1690410160 0,238877 0,400000 0,235872 0,241882 0,022829
41 1690410159 0,238877 0,400000 0,235872 0,241882 0,022829
41 1690410158 0,238877 0,400000 0,235872 0,241882 0,022829
41 1690410157 0,238877 0,400000 0,235872 0,241882 0,022829
41 1690410156 0,228843 0,400000 0,218470 0,239215 0,020991
41 1690410155 0,228843 0,400000 0,218470 0,239215 0,020991
41 1690410154 0,228843 0,400000 0,218470 0,239215 0,020991
41 1690410153 0,228843 0,400000 0,218470 0,239215 0,020991
41 1690410152 0,228843 0,400000 0,218470 0,239215 0,020991
41 1690410151 0,227909 0,600000 0,217260 0,236048 0,031203
41 1690410150 0,227909 0,600000 0,217260 0,236048 0,031203
41 1690410149 0,227909 0,600000 0,217260 0,236048 0,031203
41 1690410148 0,227909 0,600000 0,217260 0,236048 0,031203
41 1690410147 0,227909 0,600000 0,217260 0,236048 0,031203
41 1690410146 0,278328 0,600000 0,223809 0,354525 0,048330
41 1690410145 0,278328 0,600000 0,223809 0,354525 0,048330
41 1690410144 0,278328 0,600000 0,223809 0,354525 0,048330
41 1690410143 0,278328 0,600000 0,223809 0,354525 0,048330
41 1690410142 0,278328 0,600000 0,223809 0,354525 0,048330
41 1690410141 0,230602 0,600000 0,223701 0,239371 0,031932
41 1690410140 0,230602 0,600000 0,223701 0,239371 0,031932
41 1690410139 0,230602 0,600000 0,223701 0,239371 0,031932
41 1690410138 0,230602 0,600000 0,223701 0,239371 0,031932
41 1690410137 0,230602 0,600000 0,223701 0,239371 0,031932
41 1690410136 0,230005 0,200000 0,230005 0,230005 0,010580
41 1690410135 0,230005 0,200000 0,230005 0,230005 0,010580
41 1690410134 0,230005 0,200000 0,230005 0,230005 0,010580
41 1690410133 0,230005 0,200000 0,230005 0,230005 0,010580
41 1690410132 0,230005 0,200000 0,230005 0,230005 0,010580
41 1690410131 0,226538 0,800000 0,221766 0,228729 0,041062
41 1690410130 0,226538 0,800000 0,221766 0,228729 0,041062
41 1690410129 0,226538 0,800000 0,221766 0,228729 0,041062
13 1690410176 1,816453 0,200000 1,816453 1,816453 0,659900
13 1690410175 1,816453 0,200000 1,816453 1,816453 0,659900
13 1690410174 1,816453 0,200000 1,816453 1,816453 0,659900
13 1690410173 1,816453 0,200000 1,816453 1,816453 0,659900
13 1690410172 1,816453 0,200000 1,816453 1,816453 0,659900
13 1690410171 1,682741 1,000000 1,499890 2,233973 2,908209
13 1690410170 1,682741 1,000000 1,499890 2,233973 2,908209
13 1690410169 1,682741 1,000000 1,499890 2,233973 2,908209
13 1690410168 1,682741 1,000000 1,499890 2,233973 2,908209
13 1690410167 1,682741 1,000000 1,499890 2,233973 2,908209
13 1690410166 1,678660 0,400000 1,493176 1,864145 1,140922
13 1690410165 1,678660 0,400000 1,493176 1,864145 1,140922
13 1690410164 1,678660 0,400000 1,493176 1,864145 1,140922
13 1690410163 1,678660 0,400000 1,493176 1,864145 1,140922
13 1690410162 1,678660 0,400000 1,493176 1,864145 1,140922
13 1690410161 1,758349 0,400000 1,647434 1,869264 1,241637
13 1690410160 1,758349 0,400000 1,647434 1,869264 1,241637
13 1690410159 1,758349 0,400000 1,647434 1,869264 1,241637
13 1690410158 1,758349 0,400000 1,647434 1,869264 1,241637
13 1690410157 1,758349 0,400000 1,647434 1,869264 1,241637
13 1690410156 1,485705 0,600000 1,315617 1,587616 1,333184
13 1690410155 1,485705 0,600000 1,315617 1,587616 1,333184
13 1690410154 1,485705 0,600000 1,315617 1,587616 1,333184
13 1690410153 1,485705 0,600000 1,315617 1,587616 1,333184
13 1690410152 1,485705 0,600000 1,315617 1,587616 1,333184
13 1690410151 1,512847 0,600000 1,493984 1,535666 1,373401
13 1690410150 1,512847 0,600000 1,493984 1,535666 1,373401
13 1690410149 1,512847 0,600000 1,493984 1,535666 1,373401
13 1690410148 1,512847 0,600000 1,493984 1,535666 1,373401
13 1690410147 1,512847 0,600000 1,493984 1,535666 1,373401
13 1690410146 1,814828 0,600000 1,739038 1,950605 1,981715
13 1690410145 1,814828 0,600000 1,739038 1,950605 1,981715
13 1690410144 1,814828 0,600000 1,739038 1,950605 1,981715
13 1690410143 1,814828 0,600000 1,739038 1,950605 1,981715
13 1690410142 1,814828 0,600000 1,739038 1,950605 1,981715
13 1690410141 2,140278 0,200000 2,140278 2,140278 0,916158
13 1690410140 2,140278 0,200000 2,140278 2,140278 0,916158
13 1690410139 2,140278 0,200000 2,140278 2,140278 0,916158
13 1690410138 2,140278 0,200000 2,140278 2,140278 0,916158
13 1690410137 2,140278 0,200000 2,140278 2,140278 0,916158
13 1690410136 1,701335 0,800000 1,513084 1,860429 2,336116
13 1690410135 1,701335 0,800000 1,513084 1,860429 2,336116
13 1690410134 1,701335 0,800000 1,513084 1,860429 2,336116
13 1690410133 1,701335 0,800000 1,513084 1,860429 2,336116
13 1690410132 1,701335 0,800000 1,513084 1,860429 2,336116
13 1690410131 2,503815 0,400000 1,623656 3,383974 2,817508
13 1690410130 2,503815 0,400000 1,623656 3,383974 2,817508
13 1690410129 2,503815 0,400000 1,623656 3,383974 2,817508
13 1690410128 2,503815 0,400000 1,623656 3,383974 2,817508
33 1690410186 0,682415 0,200000 0,682415 0,682415 0,093138
33 1690410185 0,682415 0,200000 0,682415 0,682415 0,093138
33 1690410184 0,682415 0,200000 0,682415 0,682415 0,093138
33 1690410183 0,682415 0,200000 0,682415 0,682415 0,093138
33 1690410182 0,682415 0,200000 0,682415 0,682415 0,093138
33 1690410181 0,653720 1,000000 0,627654 0,689734 0,427945
33 1690410180 0,653720 1,000000 0,627654 0,689734 0,427945
33 1690410179 0,653720 1,000000 0,627654 0,689734 0,427945
33 1690410178 0,653720 1,000000 0,627654 0,689734 0,427945
33 1690410177 0,653720 1,000000 0,627654 0,689734 0,427945
33 1690410176 0,645606 0,600000 0,627660 0,669510 0,250270
33 1690410175 0,645606 0,600000 0,627660 0,669510 0,250270
33 1690410174 0,645606 0,600000 0,627660 0,669510 0,250270
33 1690410173 0,645606 0,600000 0,627660 0,669510 0,250270
33 1690410172 0,645606 0,600000 0,627660 0,669510 0,250270
33 1690410171 0,673245 0,200000 0,673245 0,673245 0,090652
33 1690410170 0,673245 0,200000 0,673245 0,673245 0,090652
33 1690410169 0,673245 0,200000 0,673245 0,673245 0,090652
33 1690410168 0,673245 0,200000 0,673245 0,673245 0,090652
33 1690410167 0,673245 0,200000 0,673245 0,673245 0,090652
33 1690410166 0,649835 0,600000 0,623797 0,674165 0,253626
33 1690410165 0,649835 0,600000 0,623797 0,674165 0,253626
33 1690410164 0,649835 0,600000 0,623797 0,674165 0,253626
33 1690410163 0,649835 0,600000 0,623797 0,674165 0,253626
33 1690410162 0,649835 0,600000 0,623797 0,674165 0,253626
33 1690410161 0,646270 0,800000 0,627915 0,663727 0,334298
33 1690410160 0,646270 0,800000 0,627915 0,663727 0,334298
33 1690410159 0,646270 0,800000 0,627915 0,663727 0,334298
33 1690410158 0,646270 0,800000 0,627915 0,663727 0,334298
33 1690410157 0,646270 0,800000 0,627915 0,663727 0,334298
33 1690410156 0,579844 0,600000 0,459356 0,658024 0,206215
33 1690410155 0,579844 0,600000 0,459356 0,658024 0,206215
33 1690410154 0,579844 0,600000 0,459356 0,658024 0,206215
33 1690410153 0,579844 0,600000 0,459356 0,658024 0,206215
33 1690410152 0,579844 0,600000 0,459356 0,658024 0,206215
33 1690410151 0,660738 0,200000 0,660738 0,660738 0,087315
33 1690410150 0,660738 0,200000 0,660738 0,660738 0,087315
33 1690410149 0,660738 0,200000 0,660738 0,660738 0,087315
33 1690410148 0,660738 0,200000 0,660738 0,660738 0,087315
33 1690410147 0,660738 0,200000 0,660738 0,660738 0,087315
33 1690410146 0,693766 0,600000 0,661938 0,722883 0,289160
33 1690410145 0,693766 0,600000 0,661938 0,722883 0,289160
33 1690410144 0,693766 0,600000 0,661938 0,722883 0,289160
33 1690410143 0,693766 0,600000 0,661938 0,722883 0,289160
33 1690410142 0,693766 0,600000 0,661938 0,722883 0,289160
33 1690410141 0,780426 0,600000 0,665261 1,001304 0,380084
33 1690410140 0,780426 0,600000 0,665261 1,001304 0,380084
33 1690410139 0,780426 0,600000 0,665261 1,001304 0,380084
33 1690410138 0,780426 0,600000 0,665261 1,001304 0,380084
33 1690410137 0,780426 0,600000 0,665261 1,001304 0,380084
33 1690410136 0,669033 0,600000 0,659636 0,676035 0,268591
33 1690410135 0,669033 0,600000 0,659636 0,676035 0,268591
33 1690410134 0,669033 0,600000 0,659636 0,676035 0,268591
33 1690410133 0,669033 0,600000 0,659636 0,676035 0,268591
33 1690410132 0,669033 0,600000 0,659636 0,676035 0,268591
33 1690410131 0,659928 0,200000 0,659928 0,659928 0,087101
33 1690410130 0,659928 0,200000 0,659928 0,659928 0,087101
33 1690410129 0,659928 0,200000 0,659928 0,659928 0,087101
33 1690410128 0,659928 0,200000 0,659928 0,659928 0,087101
