11 1690409842 0,200000 -1,000000 -101,000000 0,000000 0,000000
11 1690409843 0,200000 -1,000000 -101,000000 0,000000 0,000000
11 1690409844 0,200000 -1,000000 -101,000000 0,000000 0,000000
11 1690409845 0,200000 -1,000000 -101,000000 0,000000 0,000000
11 1690409846 0,200000 -1,000000 -101,000000 0,000000 0,000000
11 1690409847 0,800000 -1,000000 -101,000000 0,000000 0,000000
11 1690409848 0,800000 -1,000000 -101,000000 0,000000 0,000000
11 1690409849 0,800000 -1,000000 -101,000000 0,000000 0,000000
11 1690409850 0,800000 -1,000000 -101,000000 0,000000 0,000000
11 1690409851 0,800000 -1,000000 -101,000000 0,000000 0,000000
11 1690409852 1,000000 -1,000000 -101,000000 0,000000 0,000000
11 1690409853 1,000000 -1,000000 -101,000000 0,000000 0,000000
11 1690409854 1,000000 -1,000000 -101,000000 0,000000 0,000000
11 1690409855 1,000000 -1,000000 -101,000000 0,000000 0,000000
11 1690409856 1,000000 -1,000000 -101,000000 0,000000 0,000000
11 1690409857 2,000000 -1,000000 -101,000000 0,000000 0,000000
11 1690409858 2,000000 -1,000000 -101,000000 0,000000 0,000000
11 1690409859 2,000000 -1,000000 -101,000000 0,000000 0,000000
11 1690409860 2,000000 -1,000000 -101,000000 0,000000 0,000000
11 1690409861 2,000000 -1,000000 -101,000000 0,000000 0,000000
11 1690409862 1,800000 -1,000000 -101,000000 0,000000 0,000000
11 1690409863 1,800000 -1,000000 -101,000000 0,000000 0,000000
11 1690409864 1,800000 -1,000000 -101,000000 0,000000 0,000000
11 1690409865 1,800000 -1,000000 -101,000000 0,000000 0,000000
11 1690409866 1,800000 -1,000000 -101,000000 0,000000 0,000000
11 1690409867 2,400000 -1,000000 -101,000000 0,000000 0,000000
11 1690409868 2,400000 -1,000000 -101,000000 0,000000 0,000000
11 1690409869 2,400000 -1,000000 -101,000000 0,000000 0,000000
11 1690409870 2,400000 -1,000000 -101,000000 0,000000 0,000000
11 1690409871 2,400000 -1,000000 -101,000000 0,000000 0,000000
11 1690409872 3,200000 -1,000000 -101,000000 0,000000 0,000000
11 1690409873 3,200000 -1,000000 -101,000000 0,000000 0,000000
11 1690409874 3,200000 -1,000000 -101,000000 0,000000 0,000000
11 1690409875 3,200000 -1,000000 -101,000000 0,000000 0,000000
11 1690409876 3,200000 -1,000000 -101,000000 0,000000 0,000000
11 1690409877 2,200000 -1,000000 -101,000000 0,000000 0,000000
11 1690409878 2,200000 -1,000000 -101,000000 0,000000 0,000000
11 1690409879 2,200000 -1,000000 -101,000000 0,000000 0,000000
11 1690409880 2,200000 -1,000000 -101,000000 0,000000 0,000000
11 1690409881 2,200000 -1,000000 -101,000000 0,000000 0,000000
11 1690409882 2,800000 -1,000000 -101,000000 0,000000 0,000000
11 1690409883 2,800000 -1,000000 -101,000000 0,000000 0,000000
11 1690409884 2,800000 -1,000000 -101,000000 0,000000 0,000000
11 1690409885 2,800000 -1,000000 -101,000000 0,000000 0,000000
11 1690409886 2,800000 -1,000000 -101,000000 0,000000 0,000000
11 1690409887 3,000000 -1,000000 -101,000000 0,000000 0,000000
11 1690409888 3,000000 -1,000000 -101,000000 0,000000 0,000000
11 1690409889 3,000000 -1,000000 -101,000000 0,000000 0,000000
11 1690409890 3,000000 -1,000000 -101,000000 0,000000 0,000000
11 1690409891 3,000000 -1,000000 -101,000000 0,000000 0,000000
11 1690409892 2,200000 -1,000000 -101,000000 0,000000 0,000000
11 1690409893 2,200000 -1,000000 -101,000000 0,000000 0,000000
11 1690409894 2,200000 -1,000000 -101,000000 0,000000 0,000000
11 1690409895 2,200000 -1,000000 -101,000000 0,000000 0,000000
11 1690409896 2,200000 -1,000000 -101,000000 0,000000 0,000000
11 1690409897 3,000000 -1,000000 -101,000000 0,000000 0,000000
11 1690409898 3,000000 -1,000000 -101,000000 0,000000 0,000000
11 1690409899 3,000000 -1,000000 -101,000000 0,000000 0,000000
11 1690409900 3,000000 -1,000000 -101,000000 0,000000 0,000000
11 1690409901 3,000000 -1,000000 -101,000000 0,000000 0,000000
11 1690409902 2,800000 -1,000000 -101,000000 0,000000 0,000000
11 1690409903 2,800000 -1,000000 -101,000000 0,000000 0,000000
11 1690409904 2,800000 -1,000000 -101,000000 0,000000 0,000000
11 1690409905 2,800000 -1,000000 -101,000000 0,000000 0,000000
11 1690409906 2,800000 -1,000000 -101,000000 0,000000 0,000000
11 1690409907 2,000000 -1,000000 -101,000000 0,000000 0,000000
11 1690409908 2,000000 -1,000000 -101,000000 0,000000 0,000000
11 1690409909 2,000000 -1,000000 -101,000000 0,000000 0,000000
11 1690409910 2,000000 -1,000000 -101,000000 0,000000 0,000000
11 1690409911 2,000000 -1,000000 -101,000000 0,000000 0,000000
11 1690409912 3,000000 -1,000000 -101,000000 0,000000 0,000000
11 1690409913 3,000000 -1,000000 -101,000000 0,000000 0,000000
11 1690409914 3,000000 -1,000000 -101,000000 0,000000 0,000000
11 1690409915 3,000000 -1,000000 -101,000000 0,000000 0,000000
11 1690409916 3,000000 -1,000000 -101,000000 0,000000 0,000000
11 1690409917 2,200000 -1,000000 -101,000000 0,000000 0,000000
11 1690409918 2,200000 -1,000000 -101,000000 0,000000 0,000000
11 1690409919 2,200000 -1,000000 -101,000000 0,000000 0,000000
11 1690409920 2,200000 -1,000000 -101,000000 0,000000 0,000000
11 1690409921 2,200000 -1,000000 -101,000000 0,000000 0,000000
11 1690409922 2,000000 -1,000000 -101,000000 0,000000 0,000000
11 1690409923 2,000000 -1,000000 -101,000000 0,000000 0,000000
11 1690409924 2,000000 -1,000000 -101,000000 0,000000 0,000000
11 1690409925 2,000000 -1,000000 -101,000000 0,000000 0,000000
11 1690409926 2,000000 -1,000000 -101,000000 0,000000 0,000000
11 1690409927 2,800000 -1,000000 -101,000000 0,000000 0,000000
11 1690409928 2,800000 -1,000000 -101,000000 0,000000 0,000000
11 1690409929 2,800000 -1,000000 -101,000000 0,000000 0,000000
11 1690409930 2,800000 -1,000000 -101,000000 0,000000 0,000000
11 1690409931 2,800000 -1,000000 -101,000000 0,000000 0,000000
11 1690409932 3,000000 -1,000000 -101,000000 0,000000 0,000000
11 1690409933 3,000000 -1,000000 -101,000000 0,000000 0,000000
11 1690409934 3,000000 -1,000000 -101,000000 0,000000 0,000000
11 1690409935 3,000000 -1,000000 -101,000000 0,000000 0,000000
11 1690409936 3,000000 -1,000000 -101,000000 0,000000 0,000000
11 1690409937 2,600000 -1,000000 -101,000000 0,000000 0,000000
11 1690409938 2,600000 -1,000000 -101,000000 0,000000 0,000000
11 1690409939 2,600000 -1,000000 -101,000000 0,000000 0,000000
11 1690409940 2,600000 -1,000000 -101,000000 0,000000 0,000000
11 1690409941 2,600000 -1,000000 -101,000000 0,000000 0,000000
11 1690409942 2,600000 -1,000000 -101,000000 0,000000 0,000000
11 1690409943 2,600000 -1,000000 -101,000000 0,000000 0,000000
11 1690409944 2,600000 -1,000000 -101,000000 0,000000 0,000000
11 1690409945 2,600000 -1,000000 -101,000000 0,000000 0,000000
11 1690409946 2,600000 -1,000000 -101,000000 0,000000 0,000000
11 1690409947 2,800000 -1,000000 -101,000000 0,000000 0,000000
11 1690409948 2,800000 -1,000000 -101,000000 0,000000 0,000000
11 1690409949 2,800000 -1,000000 -101,000000 0,000000 0,000000
11 1690409950 2,800000 -1,000000 -101,000000 0,000000 0,000000
11 1690409951 2,800000 -1,000000 -101,000000 0,000000 0,000000
11 1690409952 2,600000 -1,000000 -101,000000 0,000000 0,000000
11 1690409953 2,600000 -1,000000 -101,000000 0,000000 0,000000
11 1690409954 2,600000 -1,000000 -101,000000 0,000000 0,000000
11 1690409955 2,600000 -1,000000 -101,000000 0,000000 0,000000
11 1690409956 2,600000 -1,000000 -101,000000 0,000000 0,000000
11 1690409957 2,600000 -1,000000 -101,000000 0,000000 0,000000
11 1690409958 2,600000 -1,000000 -101,000000 0,000000 0,000000
11 1690409959 2,600000 -1,000000 -101,000000 0,000000 0,000000
11 1690409960 2,600000 -1,000000 -101,000000 0,000000 0,000000
11 1690409961 2,600000 -1,000000 -101,000000 0,000000 0,000000
11 1690409962 2,800000 -1,000000 -101,000000 0,000000 0,000000
11 1690409963 2,800000 -1,000000 -101,000000 0,000000 0,000000
11 1690409964 2,800000 -1,000000 -101,000000 0,000000 0,000000
11 1690409965 2,800000 -1,000000 -101,000000 0,000000 0,000000
11 1690409966 2,800000 -1,000000 -101,000000 0,000000 0,000000
11 1690409967 2,000000 -1,000000 -101,000000 0,000000 0,000000
11 1690409968 2,000000 -1,000000 -101,000000 0,000000 0,000000
11 1690409969 2,000000 -1,000000 -101,000000 0,000000 0,000000
11 1690409970 2,000000 -1,000000 -101,000000 0,000000 0,000000
11 1690409971 2,000000 -1,000000 -101,000000 0,000000 0,000000
11 1690409972 2,600000 -1,000000 -101,000000 0,000000 0,000000
11 1690409973 2,600000 -1,000000 -101,000000 0,000000 0,000000
11 1690409974 2,600000 -1,000000 -101,000000 0,000000 0,000000
11 1690409975 2,600000 -1,000000 -101,000000 0,000000 0,000000
11 1690409976 2,600000 -1,000000 -101,000000 0,000000 0,000000
11 1690409977 3,200000 -1,000000 -101,000000 0,000000 0,000000
11 1690409978 3,200000 -1,000000 -101,000000 0,000000 0,000000
11 1690409979 3,200000 -1,000000 -101,000000 0,000000 0,000000
11 1690409980 3,200000 -1,000000 -101,000000 0,000000 0,000000
11 1690409981 3,200000 -1,000000 -101,000000 0,000000 0,000000
11 1690409982 2,200000 -1,000000 -101,000000 0,000000 0,000000
11 1690409983 2,200000 -1,000000 -101,000000 0,000000 0,000000
11 1690409984 2,200000 -1,000000 -101,000000 0,000000 0,000000
11 1690409985 2,200000 -1,000000 -101,000000 0,000000 0,000000
11 1690409986 2,200000 -1,000000 -101,000000 0,000000 0,000000
11 1690409987 2,800000 -1,000000 -101,000000 0,000000 0,000000
11 1690409988 2,800000 -1,000000 -101,000000 0,000000 0,000000
11 1690409989 2,800000 -1,000000 -101,000000 0,000000 0,000000
11 1690409990 2,800000 -1,000000 -101,000000 0,000000 0,000000
11 1690409991 2,800000 -1,000000 -101,000000 0,000000 0,000000
11 1690409992 3,000000 -1,000000 -101,000000 0,000000 0,000000
11 1690409993 3,000000 -1,000000 -101,000000 0,000000 0,000000
11 1690409994 3,000000 -1,000000 -101,000000 0,000000 0,000000
11 1690409995 3,000000 -1,000000 -101,000000 0,000000 0,000000
11 1690409996 3,000000 -1,000000 -101,000000 0,000000 0,000000
11 1690409997 2,000000 -1,000000 -101,000000 0,000000 0,000000
11 1690409998 2,000000 -1,000000 -101,000000 0,000000 0,000000
11 1690409999 2,000000 -1,000000 -101,000000 0,000000 0,000000
11 1690410000 2,000000 -1,000000 -101,000000 0,000000 0,000000
11 1690410001 2,000000 -1,000000 -101,000000 0,000000 0,000000
11 1690410002 3,000000 -1,000000 -101,000000 0,000000 0,000000
11 1690410003 3,000000 -1,000000 -101,000000 0,000000 0,000000
11 1690410004 3,000000 -1,000000 -101,000000 0,000000 0,000000
11 1690410005 3,000000 -1,000000 -101,000000 0,000000 0,000000
11 1690410006 3,000000 -1,000000 -101,000000 0,000000 0,000000
11 1690410007 3,000000 -1,000000 -101,000000 0,000000 0,000000
11 1690410008 3,000000 -1,000000 -101,000000 0,000000 0,000000
11 1690410009 3,000000 -1,000000 -101,000000 0,000000 0,000000
11 1690410010 3,000000 -1,000000 -101,000000 0,000000 0,000000
11 1690410011 3,000000 -1,000000 -101,000000 0,000000 0,000000
11 1690410012 2,400000 -1,000000 -101,000000 0,000000 0,000000
11 1690410013 2,400000 -1,000000 -101,000000 0,000000 0,000000
11 1690410014 2,400000 -1,000000 -101,000000 0,000000 0,000000
11 1690410015 2,400000 -1,000000 -101,000000 0,000000 0,000000
11 1690410016 2,400000 -1,000000 -101,000000 0,000000 0,000000
11 1690410017 2,600000 -1,000000 -101,000000 0,000000 0,000000
11 1690410018 2,600000 -1,000000 -101,000000 0,000000 0,000000
11 1690410019 2,600000 -1,000000 -101,000000 0,000000 0,000000
11 1690410020 2,600000 -1,000000 -101,000000 0,000000 0,000000
11 1690410021 2,600000 -1,000000 -101,000000 0,000000 0,000000
11 1690410022 2,800000 -1,000000 -101,000000 0,000000 0,000000
11 1690410023 2,800000 -1,000000 -101,000000 0,000000 0,000000
11 1690410024 2,800000 -1,000000 -101,000000 0,000000 0,000000
11 1690410025 2,800000 -1,000000 -101,000000 0,000000 0,000000
11 1690410026 2,800000 -1,000000 -101,000000 0,000000 0,000000
11 1690410027 2,200000 -1,000000 -101,000000 0,000000 0,000000
11 1690410028 2,200000 -1,000000 -101,000000 0,000000 0,000000
11 1690410029 2,200000 -1,000000 -101,000000 0,000000 0,000000
11 1690410030 2,200000 -1,000000 -101,000000 0,000000 0,000000
11 1690410031 2,200000 -1,000000 -101,000000 0,000000 0,000000
11 1690410032 3,000000 -1,000000 -101,000000 0,000000 0,000000
11 1690410033 3,000000 -1,000000 -101,000000 0,000000 0,000000
11 1690410034 3,000000 -1,000000 -101,000000 0,000000 0,000000
11 1690410035 3,000000 -1,000000 -101,000000 0,000000 0,000000
11 1690410036 3,000000 -1,000000 -101,000000 0,000000 0,000000
11 1690410037 2,200000 -1,000000 -101,000000 0,000000 0,000000
11 1690410038 2,200000 -1,000000 -101,000000 0,000000 0,000000
11 1690410039 2,200000 -1,000000 -101,000000 0,000000 0,000000
11 1690410040 2,200000 -1,000000 -101,000000 0,000000 0,000000
11 1690410041 2,200000 -1,000000 -101,000000 0,000000 0,000000
11 1690410042 2,800000 -1,000000 -101,000000 0,000000 0,000000
11 1690410043 2,800000 -1,000000 -101,000000 0,000000 0,000000
11 1690410044 2,800000 -1,000000 -101,000000 0,000000 0,000000
11 1690410045 2,800000 -1,000000 -101,000000 0,000000 0,000000
11 1690410046 2,800000 -1,000000 -101,000000 0,000000 0,000000
11 1690410047 3,000000 -1,000000 -101,000000 0,000000 0,000000
11 1690410048 3,000000 -1,000000 -101,000000 0,000000 0,000000
11 1690410049 3,000000 -1,000000 -101,000000 0,000000 0,000000
11 1690410050 3,000000 -1,000000 -101,000000 0,000000 0,000000
11 1690410051 3,000000 -1,000000 -101,000000 0,000000 0,000000
11 1690410052 2,400000 -1,000000 -101,000000 0,000000 0,000000
11 1690410053 2,400000 -1,000000 -101,000000 0,000000 0,000000
11 1690410054 2,400000 -1,000000 -101,000000 0,000000 0,000000
11 1690410055 2,400000 -1,000000 -101,000000 0,000000 0,000000
11 1690410056 2,400000 -1,000000 -101,000000 0,000000 0,000000
11 1690410057 2,600000 -1,000000 -101,000000 0,000000 0,000000
11 1690410058 2,600000 -1,000000 -101,000000 0,000000 0,000000
11 1690410059 2,600000 -1,000000 -101,000000 0,000000 0,000000
11 1690410060 2,600000 -1,000000 -101,000000 0,000000 0,000000
11 1690410061 2,600000 -1,000000 -101,000000 0,000000 0,000000
11 1690410062 2,600000 -1,000000 -101,000000 0,000000 0,000000
11 1690410063 2,600000 -1,000000 -101,000000 0,000000 0,000000
11 1690410064 2,600000 -1,000000 -101,000000 0,000000 0,000000
11 1690410065 2,600000 -1,000000 -101,000000 0,000000 0,000000
11 1690410066 2,600000 -1,000000 -101,000000 0,000000 0,000000
11 1690410067 2,600000 -1,000000 -101,000000 0,000000 0,000000
11 1690410068 2,600000 -1,000000 -101,000000 0,000000 0,000000
11 1690410069 2,600000 -1,000000 -101,000000 0,000000 0,000000
11 1690410070 2,600000 -1,000000 -101,000000 0,000000 0,000000
11 1690410071 2,600000 -1,000000 -101,000000 0,000000 0,000000
11 1690410072 2,800000 -1,000000 -101,000000 0,000000 0,000000
11 1690410073 2,800000 -1,000000 -101,000000 0,000000 0,000000
11 1690410074 2,800000 -1,000000 -101,000000 0,000000 0,000000
11 1690410075 2,800000 -1,000000 -101,000000 0,000000 0,000000
11 1690410076 2,800000 -1,000000 -101,000000 0,000000 0,000000
11 1690410077 2,800000 -1,000000 -101,000000 0,000000 0,000000
11 1690410078 2,800000 -1,000000 -101,000000 0,000000 0,000000
11 1690410079 2,800000 -1,000000 -101,000000 0,000000 0,000000
11 1690410080 2,800000 -1,000000 -101,000000 0,000000 0,000000
11 1690410081 2,800000 -1,000000 -101,000000 0,000000 0,000000
11 1690410082 2,600000 -1,000000 -101,000000 0,000000 0,000000
11 1690410083 2,600000 -1,000000 -101,000000 0,000000 0,000000
11 1690410084 2,600000 -1,000000 -101,000000 0,000000 0,000000
11 1690410085 2,600000 -1,000000 -101,000000 0,000000 0,000000
11 1690410086 2,600000 -1,000000 -101,000000 0,000000 0,000000
11 1690410087 2,600000 -1,000000 -101,000000 0,000000 0,000000
11 1690410088 2,600000 -1,000000 -101,000000 0,000000 0,000000
11 1690410089 2,600000 -1,000000 -101,000000 0,000000 0,000000
11 1690410090 2,600000 -1,000000 -101,000000 0,000000 0,000000
11 1690410091 2,600000 -1,000000 -101,000000 0,000000 0,000000
11 1690410092 2,800000 -1,000000 -101,000000 0,000000 0,000000
11 1690410093 2,800000 -1,000000 -101,000000 0,000000 0,000000
11 1690410094 2,800000 -1,000000 -101,000000 0,000000 0,000000
11 1690410095 2,800000 -1,000000 -101,000000 0,000000 0,000000
11 1690410096 2,800000 -1,000000 -101,000000 0,000000 0,000000
11 1690410097 2,400000 -1,000000 -101,000000 0,000000 0,000000
11 1690410098 2,400000 -1,000000 -101,000000 0,000000 0,000000
11 1690410099 2,400000 -1,000000 -101,000000 0,000000 0,000000
11 1690410100 2,400000 -1,000000 -101,000000 0,000000 0,000000
11 1690410101 2,400000 -1,000000 -101,000000 0,000000 0,000000
11 1690410102 2,800000 -1,000000 -101,000000 0,000000 0,000000
11 1690410103 2,800000 -1,000000 -101,000000 0,000000 0,000000
11 1690410104 2,800000 -1,000000 -101,000000 0,000000 0,000000
11 1690410105 2,800000 -1,000000 -101,000000 0,000000 0,000000
11 1690410106 2,800000 -1,000000 -101,000000 0,000000 0,000000
11 1690410107 2,800000 -1,000000 -101,000000 0,000000 0,000000
11 1690410108 2,800000 -1,000000 -101,000000 0,000000 0,000000
11 1690410109 2,800000 -1,000000 -101,000000 0,000000 0,000000
11 1690410110 2,800000 -1,000000 -101,000000 0,000000 0,000000
11 1690410111 2,800000 -1,000000 -101,000000 0,000000 0,000000
11 1690410112 2,400000 -1,000000 -101,000000 0,000000 0,000000
11 1690410113 2,400000 -1,000000 -101,000000 0,000000 0,000000
11 1690410114 2,400000 -1,000000 -101,000000 0,000000 0,000000
11 1690410115 2,400000 -1,000000 -101,000000 0,000000 0,000000
11 1690410116 2,400000 -1,000000 -101,000000 0,000000 0,000000
11 1690410117 3,200000 -1,000000 -101,000000 0,000000 0,000000
11 1690410118 3,200000 -1,000000 -101,000000 0,000000 0,000000
11 1690410119 3,200000 -1,000000 -101,000000 0,000000 0,000000
11 1690410120 3,200000 -1,000000 -101,000000 0,000000 0,000000
11 1690410121 3,200000 -1,000000 -101,000000 0,000000 0,000000
11 1690410122 2,400000 -1,000000 -101,000000 0,000000 0,000000
11 1690410123 2,400000 -1,000000 -101,000000 0,000000 0,000000
11 1690410124 2,400000 -1,000000 -101,000000 0,000000 0,000000
11 1690410125 2,400000 -1,000000 -101,000000 0,000000 0,000000
11 1690410126 2,400000 -1,000000 -101,000000 0,000000 0,000000
11 1690410127 2,400000 -1,000000 -101,000000 0,000000 0,000000
11 1690410128 2,400000 -1,000000 -101,000000 0,000000 0,000000
11 1690410191 0,200000 -1,000000 0,200000 0,200000 0,000000
11 1690410190 0,200000 -1,000000 0,200000 0,200000 0,000000
11 1690410189 0,200000 -1,000000 0,200000 0,200000 0,000000
11 1690410188 0,200000 -1,000000 0,200000 0,200000 0,000000
11 1690410187 0,200000 -1,000000 0,200000 0,200000 0,000000
11 1690410186 1,000000 -1,000000 1,000000 1,000000 0,000000
11 1690410185 1,000000 -1,000000 1,000000 1,000000 0,000000
11 1690410184 1,000000 -1,000000 1,000000 1,000000 0,000000
11 1690410183 1,000000 -1,000000 1,000000 1,000000 0,000000
11 1690410182 1,000000 -1,000000 1,000000 1,000000 0,000000
11 1690410181 2,400000 -1,000000 2,400000 2,400000 0,000000
11 1690410180 2,400000 -1,000000 2,400000 2,400000 0,000000
11 1690410179 2,400000 -1,000000 2,400000 2,400000 0,000000
11 1690410178 2,400000 -1,000000 2,400000 2,400000 0,000000
11 1690410177 2,400000 -1,000000 2,400000 2,400000 0,000000
11 1690410176 2,600000 -1,000000 2,600000 2,600000 0,000000
11 1690410175 2,600000 -1,000000 2,600000 2,600000 0,000000
11 1690410174 2,600000 -1,000000 2,600000 2,600000 0,000000
11 1690410173 2,600000 -1,000000 2,600000 2,600000 0,000000
11 1690410172 2,600000 -1,000000 2,600000 2,600000 0,000000
11 1690410171 2,800000 -1,000000 2,800000 2,800000 0,000000
11 1690410170 2,800000 -1,000000 2,800000 2,800000 0,000000
11 1690410169 2,800000 -1,000000 2,800000 2,800000 0,000000
11 1690410168 2,800000 -1,000000 2,800000 2,800000 0,000000
11 1690410167 2,800000 -1,000000 2,800000 2,800000 0,000000
11 1690410166 2,600000 -1,000000 2,600000 2,600000 0,000000
11 1690410165 2,600000 -1,000000 2,600000 2,600000 0,000000
11 1690410164 2,600000 -1,000000 2,600000 2,600000 0,000000
11 1690410163 2,600000 -1,000000 2,600000 2,600000 0,000000
11 1690410162 2,600000 -1,000000 2,600000 2,600000 0,000000
11 1690410161 2,400000 -1,000000 2,400000 2,400000 0,000000
11 1690410160 2,400000 -1,000000 2,400000 2,400000 0,000000
11 1690410159 2,400000 -1,000000 2,400000 2,400000 0,000000
11 1690410158 2,400000 -1,000000 2,400000 2,400000 0,000000
11 1690410157 2,400000 -1,000000 2,400000 2,400000 0,000000
11 1690410156 3,200000 -1,000000 3,200000 3,200000 0,000000
11 1690410155 3,200000 -1,000000 3,200000 3,200000 0,000000
11 1690410154 3,200000 -1,000000 3,200000 3,200000 0,000000
11 1690410153 3,200000 -1,000000 3,200000 3,200000 0,000000
11 1690410152 3,200000 -1,000000 3,200000 3,200000 0,000000
11 1690410151 2,400000 -1,000000 2,400000 2,400000 0,000000
11 1690410150 2,400000 -1,000000 2,400000 2,400000 0,000000
11 1690410149 2,400000 -1,000000 2,400000 2,400000 0,000000
11 1690410148 2,400000 -1,000000 2,400000 2,400000 0,000000
11 1690410147 2,400000 -1,000000 2,400000 2,400000 0,000000
11 1690410146 2,400000 -1,000000 2,400000 2,400000 0,000000
11 1690410145 2,400000 -1,000000 2,400000 2,400000 0,000000
11 1690410144 2,400000 -1,000000 2,400000 2,400000 0,000000
11 1690410143 2,400000 -1,000000 2,400000 2,400000 0,000000
11 1690410142 2,400000 -1,000000 2,400000 2,400000 0,000000
11 1690410141 3,000000 -1,000000 3,000000 3,000000 0,000000
11 1690410140 3,000000 -1,000000 3,000000 3,000000 0,000000
11 1690410139 3,000000 -1,000000 3,000000 3,000000 0,000000
11 1690410138 3,000000 -1,000000 3,000000 3,000000 0,000000
11 1690410137 3,000000 -1,000000 3,000000 3,000000 0,000000
11 1690410136 2,600000 -1,000000 2,600000 2,600000 0,000000
11 1690410135 2,600000 -1,000000 2,600000 2,600000 0,000000
11 1690410134 2,600000 -1,000000 2,600000 2,600000 0,000000
11 1690410133 2,600000 -1,000000 2,600000 2,600000 0,000000
11 1690410132 2,600000 -1,000000 2,600000 2,600000 0,000000
11 1690410131 2,400000 -1,000000 2,400000 2,400000 0,000000
11 1690410130 2,400000 -1,000000 2,400000 2,400000 0,000000
11 1690410129 2,400000 -1,000000 2,400000 2,400000 0,000000
